10 0.6436893203883495 0.8386666666666667 0.13009708737864079 0.07466666666666667
10 0.6067961165048543 0.158 0.23106796116504855 0.19333333333333333
10 0.42718446601941745 0.2833333333333333 0.20970873786407768 0.108
10 0.6631067961165048 0.30733333333333335 0.18446601941747573 0.07866666666666666
10 0.8495145631067961 0.6893333333333334 0.17281553398058253 0.07733333333333334
10 0.7912621359223301 0.5866666666666667 0.2 0.09866666666666667
10 0.47572815533980584 0.436 0.07766990291262135 0.072
10 0.38058252427184464 0.458 0.1786407766990291 0.08666666666666667
10 0.7126213592233009 0.43333333333333335 0.1669902912621359 0.06933333333333333
10 0.8990291262135922 0.7693333333333333 0.20194174757281552 0.09866666666666667
10 0.6572815533980583 0.75 0.08737864077669903 0.068
10 0.4640776699029126 0.5186666666666667 0.08155339805825243 0.072