8 0.355 0.26666666666666666 0.1175 0.29
8 0.420625 0.6295833333333334 0.235 0.35083333333333333
8 0.5271875 0.2783333333333333 0.104375 0.12166666666666667
8 0.934375 0.16125 0.12 0.1975
8 0.70375 0.5604166666666667 0.1775 0.3425
8 0.883125 0.37833333333333335 0.2325 0.21
8 0.74375 0.24875 0.16 0.32916666666666666
8 0.480625 0.41875 0.19625 0.1725
8 0.6328125 0.435 0.140625 0.25833333333333336
8 0.899375 0.6475 0.20125 0.33166666666666667
8 0.33625 0.7975 0.21 0.405
8 0.478125 0.08583333333333333 0.17625 0.17166666666666666