10 0.3955078125 0.31227106227106227 0.0732421875 0.06593406593406594
10 0.518466796875 0.4292380952380952 0.0816796875 0.0313040293040293
10 0.617451171875 0.4522124542124542 0.08611328125 0.055941391941391944
10 0.664501953125 0.28504761904761905 0.043505859375 0.04262271062271062
10 0.316943359375 0.29903296703296706 0.051494140625 0.02531135531135531
10 0.316806640625 0.4068058608058608 0.1016796875 0.03791941391941392
10 0.352138671875 0.37233699633699635 0.074677734375 0.02585347985347985
10 0.2961328125 0.3626373626373626 0.066064453125 0.03576556776556777
10 0.284638671875 0.32557509157509157 0.058017578125 0.03835164835164835
10 0.47162109375 0.39366300366300366 0.0838671875 0.05214652014652015
10 0.534814453125 0.4044395604395604 0.05974609375 0.02542857142857143
10 0.59771484375 0.33613186813186813 0.03619140625 0.035340659340659344
10 0.608916015625 0.25554578754578755 0.04021484375 0.021545787545787547
10 0.6999609375 0.255978021978022 0.045380859375 0.029304029304029304
10 0.6982421875 0.2885128205128205 0.03734375 0.04524542124542125
10 0.625576171875 0.28635897435897434 0.043662109375 0.0418021978021978
10 0.64625 0.2439120879120879 0.068935546875 0.02758241758241758
10 0.49517578125 0.3087692307692308 0.04595703125 0.026285714285714287
10 0.457548828125 0.2592087912087912 0.066064453125 0.033179487179487176
10 0.579619140625 0.36328205128205127 0.073525390625 0.037062271062271064
10 0.606904296875 0.3964688644688644 0.06951171875 0.037062271062271064
10 0.59197265625 0.1965128205128205 0.0350390625 0.03447619047619048
10 0.3360546875 0.2826959706959707 0.035615234375 0.02843956043956044
10 0.57013671875 0.38956776556776557 0.038486328125 0.02068864468864469
10 0.56982421875 0.6223443223443224 0.0966796875 0.03882783882783883
10 0.46923828125 0.6413919413919414 0.0771484375 0.06813186813186813