2 0.74267578125 0.6569010416666666 0.1279296875 0.21484375
2 0.55078125 0.7923177083333334 0.111328125 0.16015625
2 0.59228515625 0.5748697916666666 0.1650390625 0.14713541666666666
2 0.380859375 0.7532552083333334 0.12109375 0.16015625
2 0.1005859375 0.4173177083333333 0.12109375 0.16276041666666666
2 0.7197265625 0.12239583333333333 0.099609375 0.125
2 0.6201171875 0.07486979166666667 0.091796875 0.14713541666666666
2 0.3955078125 0.5397135416666666 0.119140625 0.19140625
2 0.197265625 0.5442708333333334 0.099609375 0.2109375
2 0.49169921875 0.8404947916666666 0.1103515625 0.20442708333333334
2 0.6630859375 0.70703125 0.0859375 0.12239583333333333
2 0.64453125 0.4635416666666667 0.0859375 0.06510416666666667
2 0.064453125 0.2975260416666667 0.1171875 0.13671875
2 0.2470703125 0.7565104166666666 0.1171875 0.08333333333333333
10 0.4287109375 0.3313802083333333 0.0703125 0.08984375
10 0.3818359375 0.21354166666666666 0.037109375 0.046875
10 0.51123046875 0.057291666666666664 0.0693359375 0.06770833333333333
10 0.61669921875 0.3404947916666667 0.0576171875 0.06901041666666667
10 0.471357421875 0.21701822916666666 0.037763671875 0.0659765625
10 0.674482421875 0.3411458333333333 0.0546875 0.0746484375
10 0.589189453125 0.2825520833333333 0.036455078125 0.049479166666666664
10 0.709638671875 0.2920963541666667 0.041669921875 0.0512109375
10 0.653642578125 0.2608463541666667 0.040361328125 0.04774739583333334
10 0.675126953125 0.2847265625 0.018232421875 0.0347265625
10 0.725908203125 0.3875911458333334 0.084638671875 0.07725260416666667
10 0.7333984375 0.3289973958333333 0.025390625 0.0347265625
10 0.485673828125 0.12673177083333334 0.02734375 0.03819010416666666
10 0.283857421875 0.23264322916666666 0.049482421875 0.057291666666666664