10 0.2525 0.3025 0.16166666666666665 0.22
10 0.3983333333333333 0.20875 0.12 0.2225
10 0.645 0.25875 0.11333333333333333 0.1875
10 0.5633333333333334 0.17625 0.12 0.1475
10 0.8 0.68375 0.12001666666666667 0.2175
10 0.6775 0.59875 0.15168333333333334 0.2475
10 0.4583333333333333 0.62625 0.12666666666666668 0.1625
10 0.5816666666666667 0.6 0.10666666666666667 0.105
10 0.275 0.74 0.20333333333333334 0.425
10 0.6454166666666666 0.89 0.12294999999999999 0.22
10 0.45913333333333334 0.324225 0.08835 0.182825
10 0.46538333333333337 0.4836 0.08209999999999999 0.09845000000000001
10 0.6965833333333333 0.46015 0.07368333333333334 0.08282500000000001
10 0.7752333333333333 0.5398499999999999 0.08985 0.0953