1 0.17135483870967744 0.645 0.25946236559139785 0.19285714285714287
1 0.4172043010752688 0.7321428571428571 0.1935483870967742 0.20142857142857143
1 0.646236559139785 0.695 0.2129032258064516 0.18714285714285714
1 0.3311827956989247 0.5042857142857143 0.15483870967741936 0.11142857142857143
1 0.5333333333333333 0.32 0.10752688172043011 0.09142857142857143
1 0.7032258064516129 0.24214285714285713 0.07741935483870968 0.07285714285714286
2 0.42795698924731185 0.11214285714285714 0.14193548387096774 0.16142857142857142
2 0.24516129032258063 0.06857142857142857 0.1935483870967742 0.06571428571428571
2 0.2849462365591398 0.23785714285714285 0.14838709677419354 0.1357142857142857
1 0.4966451612903226 0.5263428571428571 0.09006451612903227 0.09911428571428571
1 0.844752688172043 0.8807999999999999 0.14651612903225805 0.1491142857142857
1 0.9327956989247311 0.07768571428571429 0.13440860215053763 0.15178571428571427
1 0.8044301075268817 0.2884 0.11694623655913979 0.15178571428571427
1 0.25470967741935485 0.14375714285714286 0.168 0.12321428571428572