8 0.3530217391304348 0.62041875 0.12294927536231884 0.13583125000000001
8 0.15978260869565217 0.76895625 0.29637681159420287 0.23958125
8 0.8150942028985507 0.6771875 0.35048550724637684 0.219375
8 0.5687173913043478 0.50073125 0.16835507246376813 0.09270625
8 0.5716159420289856 0.58708125 0.1176304347826087 0.11666874999999999
8 0.32463768115942027 0.53583125 0.15072463768115943 0.09416875
2 0.22544202898550725 0.3712 0.24798550724637683 0.22850625000000002
2 0.5297898550724638 0.7309 0.09661594202898552 0.078475
2 0.42632608695652174 0.7791687500000001 0.10064492753623187 0.08055625
2 0.5652173913043478 0.809375 0.07890579710144928 0.07708125
8 0.4247173913043478 0.85381875 0.0748768115942029 0.07430625
8 0.827695652173913 0.8190999999999999 0.2866376811594203 0.19375
8 0.6779420289855073 0.40208125 0.3864710144927537 0.165275
2 0.48228985507246375 0.33645625 0.07407246376811594 0.053475
8 0.45615942028985507 0.9246875 0.08188405797101449 0.063125