10 0.5216666666666666 0.49667774086378735 0.06666666666666667 0.1716500553709856
10 0.4638888888888889 0.6622369878183831 0.08444444444444445 0.10188261351052048
10 0.10555555555555556 0.4883720930232558 0.06333333333333334 0.07751937984496124
10 0.1638888888888889 0.6052048726467331 0.1288888888888889 0.14950166112956811
10 0.5844444444444444 0.6699889258028793 0.07222222222222222 0.07751937984496124
10 0.6558333333333334 0.20044296788482835 0.06277777777777778 0.21040974529346623
10 0.7633333333333333 0.12430786267995571 0.07 0.20044296788482835
10 0.8567388888888889 0.18909191583610188 0.06347222222222222 0.19047619047619047
10 0.9552777777777778 0.30246954595791803 0.08722222222222223 0.12430786267995571
10 0.8697222222222222 0.40420819490586934 0.10277777777777777 0.17054263565891473
10 0.7569444444444444 0.45348837209302323 0.07611111111111112 0.13399778516057587
10 0.7265277777777778 0.6162790697674418 0.06444444444444444 0.1805094130675526
10 0.6644444444444444 0.420265780730897 0.056666666666666664 0.11184939091915837
10 0.5877777777777777 0.3909191583610188 0.06333333333333334 0.24363233665559247
10 0.4554166666666667 0.15904761904761905 0.06527777777777778 0.17857142857142858
10 0.36236111111111113 0.10465116279069768 0.08083333333333333 0.19490586932447398
10 0.17916666666666667 0.4288482834994463 0.06722222222222222 0.11184939091915837
10 0.3169444444444444 0.44019933554817275 0.09722222222222222 0.1716500553709856
10 0.39166666666666666 0.4410299003322259 0.07111111111111111 0.15891472868217055
10 0.4216666666666667 0.3136766334440753 0.043333333333333335 0.16168327796234774
10 0.4575 0.3770764119601329 0.05388888888888889 0.1849390919158361
10 0.4297222222222222 0.5305980066445183 0.075 0.17026578073089702