8 0.48907999999999996 0.25012012012012014 0.06986 0.13042042042042043
8 0.325 0.3003003003003003 0.142 0.1921921921921922
8 0.22186 0.7827027027027027 0.142 0.23036036036036034
8 0.37764 0.5303603603603604 0.14928 0.43480480480480477
8 0.598 0.49270270270270267 0.256 0.43201201201201206
8 0.71692 0.40627627627627627 0.28214 0.21450450450450453
8 0.77258 0.681051051051051 0.11486 0.28099099099099095
8 0.381 0.8119819819819819 0.142 0.28378378378378377
8 0.44936000000000004 0.8131831831831833 0.24928 0.16945945945945945
8 0.7114199999999999 0.8054354354354354 0.09 0.22951951951951954
8 0.65178 0.9247147147147148 0.09214 0.15057057057057058
8 0.92928 0.5973873873873874 0.08428000000000001 0.18876876876876877
8 0.04464 0.22144144144144143 0.08928 0.3142042042042042
8 0.43677999999999995 0.04933933933933934 0.08072 0.09867867867867867
8 0.46072 0.5560960960960961 0.08714 0.11048048048048048
8 0.9625 0.9198798798798798 0.075 0.16024024024024025