10 0.5537037037037037 0.8506172839506173 0.1837962962962963 0.29876543209876544
10 0.8763888888888889 0.45231481481481484 0.22268518518518518 0.2743827160493827
10 0.658449074074074 0.4027777777777778 0.10856481481481481 0.16234567901234567
10 0.7236111111111111 0.44598765432098764 0.13842592592592592 0.15925925925925927
10 0.32708333333333334 0.17037037037037037 0.28055555555555556 0.295679012345679
10 0.5422453703703703 0.2569444444444444 0.23587962962962963 0.2095679012345679
10 0.33125 0.5441358024691358 0.12222222222222222 0.20555555555555555
10 0.14085648148148147 0.591820987654321 0.18125 0.2799382716049383
10 0.2025462962962963 0.28780864197530864 0.26990740740740743 0.18302469135802468
10 0.5168981481481482 0.5282407407407408 0.18981481481481483 0.16944444444444445
10 0.7078703703703704 0.7791666666666667 0.12916666666666668 0.39228395061728394