8 0.72 0.56375 0.35333333333333333 0.1775
8 0.8083333333333333 0.3725 0.38333333333333336 0.165
8 0.7965666666666666 0.2311 0.27353333333333335 0.1478
8 0.40146666666666664 0.10492499999999999 0.19706666666666667 0.1775
8 0.22176666666666667 0.39875 0.33763333333333334 0.19045
8 0.31333333333333335 0.565 0.3333333333333333 0.19
8 0.5321666666666667 0.7463249999999999 0.23096666666666668 0.32765
8 0.2401 0.867125 0.47353333333333336 0.265725
8 0.2054 0.71735 0.2558666666666667 0.151175
8 0.05096666666666667 0.6647 0.10196666666666666 0.15295
8 0.0451 0.44927500000000004 0.0902 0.27795000000000003
8 0.5742999999999999 0.4573 0.1125 0.072925