8 0.2887 0.52625 0.30375 0.6326166666666666
8 0.661075 0.5983333333333334 0.2553625 0.58
2 0.5241125 0.17738333333333334 0.3017875 0.3547666666666667
8 0.1311875 0.08223333333333334 0.2623625 0.16446666666666668
8 0.44457500000000005 0.7988166666666667 0.38392499999999996 0.40238333333333337
8 0.6673125 0.8935833333333333 0.1326875 0.21281666666666665
2 0.8533625 0.8423166666666666 0.1221125 0.21025000000000002
8 0.8346125000000001 0.22114999999999999 0.176925 0.14743333333333333
8 0.931725 0.26088333333333336 0.1365375 0.52175
8 0.62925 0.039716666666666664 0.12788750000000002 0.07945
2 0.224525 0.13076666666666667 0.106725 0.08461666666666667
8 0.3899 0.11281666666666666 0.0990375 0.11025000000000001