8 0.283125 0.08583333333333333 0.23625 0.16833333333333333
8 0.145 0.37416666666666665 0.29 0.485
8 0.718125 0.6010666666666666 0.10375 0.07928333333333333
8 0.566075 0.40643333333333337 0.1328625 0.25048333333333334
8 0.5633874999999999 0.7608333333333334 0.1596375 0.23833333333333334
8 0.47545000000000004 0.6979833333333334 0.19267499999999999 0.36261666666666664
8 0.359375 0.45038333333333336 0.22125 0.5583333333333333
8 0.6669625 0.7452333333333333 0.078575 0.11666666666666667
8 0.6959875 0.8636833333333334 0.08661250000000001 0.19881666666666667
8 0.483925 0.4982166666666667 0.10536250000000001 0.09643333333333333
8 0.6477625 0.3 0.13125 0.15476666666666666
8 0.5352625 0.24226666666666669 0.12946249999999998 0.10595
8 0.5307999999999999 0.08988333333333333 0.10803750000000001 0.17976666666666666
8 0.7323875 0.41741666666666666 0.1818125 0.12121666666666667
2 0.85795 0.3496166666666667 0.072725 0.12803333333333333
2 0.8963125 0.4837166666666667 0.08352499999999999 0.16136666666666666
2 0.8761375 0.5272666666666667 0.05455 0.05
2 0.82415 0.56175 0.04375 0.07348333333333334
2 0.9133499999999999 0.6094666666666667 0.0778375 0.10075
2 0.88665 0.75075 0.0983 0.1394
8 0.78125 0.6375 0.1409125 0.12196666666666668
8 0.7528374999999999 0.9144 0.1113625 0.17121666666666668
8 0.7804000000000001 0.8135666666666667 0.071025 0.08181666666666668
8 0.6139249999999999 0.5840833333333333 0.0505625 0.11666666666666667
2 0.7195999999999999 0.14241666666666666 0.078975 0.08333333333333333
2 0.7946 0.25303333333333333 0.05625 0.05151666666666667
2 0.73295 0.3447 0.0693125 0.09696666666666666
2 0.815625 0.37575 0.0346625 0.05
2 0.7710250000000001 0.35795 0.0409125 0.0356
8 0.1713125 0.07386666666666666 0.1005625 0.07803333333333333
8 0.358525 0.024616666666666665 0.1386375 0.04925