10 0.3790336749633968 0.42126953125 0.12188872620790629 0.066650390625
10 0.08619326500732064 0.209716796875 0.10285505124450951 0.07958984375
10 0.4787701317715959 0.27783203125 0.16398243045387995 0.0732421875
10 0.6456808199121523 0.806640625 0.08784773060029283 0.10546875
10 0.595900439238653 0.4571484375 0.07613469985358712 0.080322265625
10 0.5805270863836017 0.1396484375 0.17423133235724744 0.1435546875
10 0.6954612005856515 0.2802734375 0.2342606149341142 0.09765625
10 0.7291361639824304 0.49365234375 0.21084919472913616 0.0654296875
10 0.5190190336749634 0.654423828125 0.08348462664714495 0.077392578125
10 0.5318448023426061 0.757939453125 0.2554904831625183 0.084228515625
10 0.29282576866764276 0.833134765625 0.1815519765739385 0.097900390625
10 0.7254758418740849 0.7080078125 0.08052708638360176 0.103515625
10 0.9260614934114202 0.5662890625 0.1390922401171303 0.088134765625
10 0.8429721815519766 0.6953125 0.10102489019033675 0.126953125
10 0.760614934114202 0.5390625 0.12153733528550513 0.109375
10 0.4332796486090776 0.887451171875 0.10390922401171303 0.07080078125
10 0.9038799414348463 0.367431640625 0.19224011713030748 0.12939453125
10 0.07707174231332357 0.650029296875 0.15414348462664715 0.145263671875
10 0.6208491947291362 0.5682421875 0.1642606149341142 0.089111328125
10 0.4772620790629576 0.603642578125 0.14792093704245973 0.072021484375
10 0.7709370424597364 0.344853515625 0.13134699853587115 0.069580078125
10 0.1286822840409956 0.54931640625 0.14988286969253295 0.10009765625
10 0.2247437774524158 0.90576171875 0.12972181551976572 0.0830078125