10 0.195 0.20389166666666667 0.05444444444444444 0.1
10 0.14222222222222222 0.2816666666666667 0.05444444444444444 0.06666666666666667
2 0.3333333333333333 0.720275 0.13 0.12
6 0.1463888888888889 0.765275 0.18388888888888888 0.152225
10 0.09296111111111112 0.599025 0.07555555555555556 0.06916666666666667
10 0.11268333333333334 0.48833333333333334 0.05722222222222222 0.065
10 0.08805555555555555 0.5518083333333333 0.042777777777777776 0.050833333333333335
10 0.35805555555555557 0.5240250000000001 0.08722222222222223 0.095275
10 0.5611111111111111 0.06708333333333333 0.06333333333333334 0.1325
10 0.485 0.5091666666666667 0.07333333333333333 0.065
10 0.08573888888888889 0.397775 0.06555555555555556 0.08610833333333333
10 0.2513888888888889 0.5570833333333334 0.049444444444444444 0.08083333333333333
10 0.4596277777777778 0.6894416666666667 0.04962777777777778 0.09610833333333334
10 0.5560166666666667 0.356525 0.0942611111111111 0.07139166666666667
10 0.5586111111111111 0.29583333333333334 0.06277777777777778 0.05
10 0.5936111111111111 0.18444166666666667 0.11833333333333333 0.08055833333333333
10 0.40555555555555556 0.2733333333333333 0.06555555555555556 0.065
10 0.36277777777777775 0.31722500000000003 0.057777777777777775 0.06610833333333334
10 0.4336111111111111 0.3481916666666667 0.09722222222222222 0.09083333333333334
10 0.2240722222222222 0.2798583333333333 0.029627777777777777 0.05139166666666667
10 0.21712777777777778 0.3506916666666667 0.04351666666666667 0.04860833333333333
10 0.4907388888888889 0.8590249999999999 0.053705555555555555 0.0875
10 0.5592611111111111 0.8930583333333334 0.06666666666666667 0.058333333333333334
10 0.48935 0.14791666666666667 0.08796111111111111 0.09583333333333334
2 0.7712944444444444 0.6381916666666667 0.14629444444444445 0.265275
2 0.6888888888888889 0.7125 0.14629444444444445 0.14166666666666666