10 0.25833333333333336 0.30218068535825543 0.10333333333333333 0.09968847352024922
10 0.34473333333333334 0.2118380062305296 0.13053333333333333 0.18691588785046728
10 0.32280000000000003 0.5239563862928349 0.21893333333333337 0.1670404984423676
10 0.6589666666666667 0.7507788161993769 0.10513333333333333 0.18691588785046728
10 0.7253000000000001 0.6074766355140186 0.10350000000000001 0.06950155763239875
10 0.5349333333333333 0.6182554517133957 0.1382 0.07429906542056075
10 0.43746666666666667 0.8153582554517135 0.1202 0.10183800623052959
10 0.5438666666666666 0.8902492211838006 0.11760000000000001 0.1509657320872274
10 0.10356666666666667 0.6757632398753893 0.17543333333333333 0.11741433021806853
10 0.642 0.9279750778816199 0.10613333333333333 0.13059190031152648
10 0.2868 0.4056386292834891 0.1264 0.09993769470404984
10 0.06526666666666667 0.49065420560747663 0.13056666666666666 0.13239875389408098
10 0.7333333333333333 0.5432398753894081 0.13056666666666666 0.050623052959501556
10 0.48123333333333335 0.5068847352024922 0.09306666666666667 0.12071651090342679
10 0.4409666666666666 0.32320872274143303 0.1014 0.08046728971962616
10 0.4270666666666667 0.22716510903426793 0.11806666666666667 0.10903426791277258
10 0.7208333333333333 0.3309968847352025 0.08333333333333333 0.11161993769470405
10 0.5597333333333333 0.21741433021806855 0.08056666666666668 0.09735202492211838
10 0.46596666666666664 0.4062928348909657 0.08473333333333334 0.10124610591900311
10 0.5423666666666667 0.4030218068535826 0.05416666666666667 0.09735202492211838
10 0.32706666666666667 0.7904984423676013 0.04583333333333333 0.0960436137071651