10 0.6112000000000001 0.7597087378640777 0.06487272727272728 0.1650485436893204
10 0.4254545454545455 0.5036407766990292 0.08727272727272728 0.13349514563106796
10 0.8418181818181818 0.8628640776699029 0.09818181818181818 0.27427184466019416
10 0.8790909090909091 0.7245145631067961 0.1290909090909091 0.08495145631067962
10 0.7999454545454546 0.5764563106796117 0.09445454545454546 0.0703883495145631
10 0.20387272727272726 0.48077669902912623 0.11683636363636364 0.20145631067961164
10 0.08009090909090909 0.8499029126213593 0.13454545454545455 0.2815533980582524
10 0.20545454545454545 0.6783980582524272 0.06181818181818182 0.08009708737864078
10 0.2334 0.8071116504854369 0.08727272727272728 0.2087378640776699
10 0.30636363636363634 0.662621359223301 0.07818181818181819 0.0825242718446602
10 0.35363636363636364 0.6322815533980582 0.10727272727272727 0.10436893203883495
10 0.43554545454545457 0.8592233009708737 0.10363636363636364 0.2815533980582524
10 0.7245454545454545 0.7762621359223301 0.1 0.2563834951456311
10 0.8602909090909091 0.39985436893203885 0.13014545454545454 0.273373786407767
10 0.2751272727272727 0.20567961165048543 0.05070909090909091 0.09453883495145632