0 0.2707993474714519 0.7695652173913043 0.1761827079934747 0.32608695652173914
0 0.7414355628058727 0.26304347826086955 0.44208809135399674 0.5217391304347826
0 0.3727569331158238 0.2597826086956522 0.2169657422512235 0.4282608695652174
0 0.2138825448613377 0.2432391304347826 0.2740619902120718 0.33043478260869563
0 0.07422512234910278 0.6782608695652174 0.14518760195758565 0.2826086956521739
0 0.8907014681892332 0.7771739130434783 0.21859706362153344 0.44565217391304346
0 0.767536704730832 0.6326086956521739 0.11582381729200653 0.08260869565217391
0 0.6639477977161501 0.6413043478260869 0.10114192495921696 0.2782608695652174
0 0.46574225122349105 0.7571304347826087 0.2365415986949429 0.4543478260869565
0 0.6166394779771615 0.3532608695652174 0.09461663947797716 0.2326086956521739
0 0.8761174551386622 0.14371739130434782 0.24778140293637843 0.28743478260869565