8 0.8384395424836601 0.6095281862745098 0.18178104575163398 0.1412377450980392
8 0.5046977124183006 0.3327205882352941 0.08455882352941177 0.1636029411764706
8 0.6936274509803921 0.5768995098039216 0.06372549019607843 0.04718137254901961
8 0.9599673202614379 0.35079656862745096 0.08006535947712418 0.09252450980392157
8 0.9714052287581699 0.7472426470588235 0.05718954248366013 0.08517156862745098
8 0.4824346405228758 0.5379901960784313 0.0923202614379085 0.09068627450980392
8 0.4084967320261438 0.41911764705882354 0.06209150326797386 0.0392156862745098
8 0.30718954248366015 0.28860294117647056 0.06535947712418301 0.11029411764705882
8 0.7536764705882353 0.2545955882352941 0.05473856209150327 0.06066176470588235
8 0.3174019607843137 0.5491727941176471 0.0857843137254902 0.04013480392156863
8 0.35294117647058826 0.6187193627450981 0.049019607843137254 0.053002450980392156
8 0.3837826797385621 0.6499693627450981 0.053513071895424834 0.07383578431372549
8 0.41360294117647056 0.6055453431372549 0.06576797385620915 0.03462009803921569
8 0.4579248366013072 0.9659926470588235 0.09722222222222222 0.06801470588235294
8 0.3386437908496732 0.4621629901960784 0.03676470588235294 0.06893382352941177
8 0.36008986928104575 0.22104779411764705 0.042075163398692814 0.0744485294117647
8 0.3991013071895425 0.21017156862745098 0.028594771241830064 0.052083333333333336
8 0.3539624183006536 0.15870098039215685 0.04616013071895425 0.05943627450980392
8 0.5976307189542484 0.3246017156862745 0.04738562091503268 0.053002450980392156
8 0.7616421568627451 0.40808823529411764 0.053513071895424834 0.024509803921568627
8 0.5904820261437909 0.48514093137254904 0.0428921568627451 0.05177696078431373