10 0.6346938775510204 0.24180327868852458 0.08979591836734693 0.09562841530054644
10 0.3826530612244898 0.6584699453551912 0.0836734693877551 0.14207650273224043
10 0.7068979591836735 0.18579234972677597 0.07755102040816327 0.12021857923497267
10 0.11224489795918367 0.7008196721311475 0.11836734693877551 0.11202185792349727
10 0.12755102040816327 0.8333333333333334 0.0836734693877551 0.14207650273224043
10 0.1846938775510204 0.855191256830601 0.06326530612244897 0.17486338797814208
10 0.2683673469387755 0.924863387978142 0.10408163265306122 0.15027322404371585
10 0.37589795918367347 0.9426229508196722 0.06044897959183674 0.11475409836065574
10 0.7377551020408163 0.8046448087431693 0.0836734693877551 0.11202185792349727
10 0.8456530612244898 0.6475409836065574 0.061224489795918366 0.11475409836065574
10 0.6581632653061225 0.47540983606557374 0.11224489795918367 0.15300546448087432
10 0.6826530612244898 0.6215846994535519 0.04285714285714286 0.08469945355191257
10 0.5622448979591836 0.40710382513661203 0.0673469387755102 0.06557377049180328
10 0.7989795918367347 0.23633879781420766 0.17346938775510204 0.12295081967213115
10 0.7112244897959183 0.39344262295081966 0.09183673469387756 0.16939890710382513
10 0.5989795918367347 0.7622950819672131 0.05918367346938776 0.060109289617486336
10 0.4479591836734694 0.8155737704918032 0.0673469387755102 0.06830601092896176
10 0.5244897959183673 0.644808743169399 0.05714285714285714 0.06557377049180328
10 0.3122448979591837 0.6980874316939891 0.0653061224489796 0.10655737704918032
10 0.22244897959183674 0.6816939890710383 0.07755102040816327 0.1284153005464481
10 0.6071428571428571 0.34325136612021856 0.06377551020408163 0.09562841530054644
10 0.3124081632653061 0.24117486338797814 0.058081632653061224 0.06620218579234972
10 0.399530612244898 0.2196174863387978 0.07065306122448979 0.05885245901639344
10 0.4780204081632653 0.1818032786885246 0.09106122448979591 0.09038251366120219
10 0.5003877551020408 0.24169398907103823 0.06357142857142857 0.046229508196721315
10 0.4638979591836735 0.3903825136612022 0.06279591836734694 0.040983606557377046
10 0.4870408163265306 0.2931967213114754 0.062 0.08196721311475409
10 0.5204081632653061 0.10877049180327869 0.08163265306122448 0.07251366120218579
10 0.43681632653061225 0.9408469945355192 0.05573469387755102 0.11833333333333335
10 0.3547959183673469 0.8496174863387977 0.05493877551020408 0.051502732240437166
10 0.2460816326530612 0.46079234972677596 0.046306122448979595 0.08510928961748633
10 0.35595918367346935 0.5947814207650273 0.044734693877551024 0.07144808743169398
10 0.5561224489795918 0.540655737704918 0.05887755102040817 0.08721311475409836
10 0.604795918367347 0.14502732240437158 0.07142857142857142 0.044125683060109284
10 0.5580816326530612 0.28584699453551915 0.02826530612244898 0.07986338797814208
10 0.45446938775510204 0.662568306010929 0.058081632653061224 0.12505464480874318
10 0.5631836734693877 0.7996994535519125 0.05887755102040817 0.05885245901639344
10 0.6718979591836735 0.7471584699453552 0.051795918367346934 0.050437158469945356
10 0.29357142857142854 0.5869125683060109 0.05651020408163265 0.08300546448087431
10 0.9030612244897959 0.7944535519125683 0.049448979591836736 0.06726775956284153
10 0.700938775510204 0.8863934426229508 0.0486734693877551 0.07882513661202187
10 0.6314693877551021 0.6956830601092896 0.05573469387755102 0.05674863387978142
10 0.545530612244898 0.8380601092896175 0.050244897959183674 0.049398907103825135
10 0.47291836734693876 0.7681693989071038 0.06828571428571428 0.06095628415300546
10 0.28099999999999997 0.3651639344262295 0.03767346938775511 0.07251366120218579