1 0.788125 0.46511627906976744 0.14625 0.38205980066445183
1 0.649675 0.4682392026578073 0.12595 0.4481063122923588
1 0.481875 0.24003322259136212 0.13375 0.287375415282392
1 0.2925 0.728405315614618 0.1375 0.38704318936877075
1 0.3575 0.4601328903654485 0.1025 0.16611295681063123
1 0.269375 0.21262458471760798 0.07625 0.1760797342192691
1 0.169375 0.26827242524916944 0.07125 0.17109634551495018
1 0.9507875 0.574750830564784 0.098425 0.36212624584717606
1 0.679375 0.12790697674418605 0.12375 0.2558139534883721
1 0.23125 0.5224252491694352 0.0625 0.2009966777408638
1 0.46375 0.8064784053156147 0.075 0.12790697674418605
1 0.546675 0.8643853820598006 0.1516375 0.13171096345514952
1 0.3697875 0.18342192691029902 0.0854125 0.15642857142857144
1 0.40588749999999996 0.844734219269103 0.076475 0.139734219269103
1 0.7757375000000001 0.6527242524916943 0.15735 0.34395348837209305
1 0.58125 0.7509302325581395 0.071325 0.17295681063122925
1 0.46140000000000003 0.10601328903654485 0.1595625 0.21204318936877078
1 0.14595 0.04739202657807309 0.11838749999999999 0.09478405315614619
1 0.9022 0.8967109634551496 0.083825 0.20656146179401993