10 0.556640625 0.9466145833333334 0.12109375 0.10677083333333333
10 0.26806640625 0.5924479166666666 0.0751953125 0.10677083333333333
10 0.69921875 0.3912760416666667 0.09375 0.09765625
10 0.798828125 0.3157552083333333 0.091796875 0.12369791666666667
10 0.79296875 0.4765625 0.09375 0.17447916666666666
10 0.150390625 0.7063802083333334 0.109375 0.23828125
10 0.31787109375 0.8723958333333334 0.2412109375 0.12760416666666666
10 0.60302734375 0.6217447916666666 0.1416015625 0.16015625
10 0.42138671875 0.7102864583333334 0.2216796875 0.10026041666666667
10 0.41748046875 0.6256510416666666 0.0771484375 0.055989583333333336
10 0.720703125 0.7141927083333334 0.171875 0.2747395833333333
2 0.8662109375 0.3346354166666667 0.173828125 0.3671875
2 0.576171875 0.17447916666666666 0.142578125 0.3489583333333333
10 0.88427734375 0.6829427083333334 0.1767578125 0.2981770833333333
10 0.91748046875 0.8704427083333334 0.0986328125 0.07421875
2 0.7646484375 0.07334635416666667 0.138671875 0.07899739583333333