1 0.33217592592592593 0.43531378600823045 0.04552469135802469 0.12114197530864197
1 0.3673804012345679 0.44058641975308643 0.027199074074074073 0.06893004115226338
1 0.3363233024691358 0.5938786008230452 0.058834876543209874 0.06532921810699588
1 0.3934220679012346 0.63940329218107 0.032214506172839504 0.08693415637860083
1 0.4296875 0.4826388888888889 0.03607253086419753 0.06815843621399177
1 0.42833719135802467 0.550025720164609 0.051118827160493825 0.11239711934156378
1 0.40152391975308643 0.5726594650205762 0.025655864197530864 0.05478395061728395
1 0.3957368827160494 0.37037037037037035 0.028742283950617283 0.051954732510288065
1 0.3532986111111111 0.6674382716049383 0.041859567901234566 0.09722222222222222
1 0.36029128086419754 0.3426568930041152 0.04928626543209876 0.08680555555555555
1 0.3443287037037037 0.5330504115226338 0.038580246913580245 0.07175925925925926
1 0.5750385802469136 0.45897633744855965 0.040123456790123455 0.1000514403292181
1 0.6441936728395061 0.5371656378600823 0.029128086419753087 0.08564814814814815
1 0.39776234567901236 0.43287037037037035 0.025848765432098766 0.056584362139917695
2 0.5818383487654321 0.78125 0.05545910493827161 0.09645061728395062
2 0.45556905864197533 0.8035416666666667 0.03665123456790124 0.07501800411522634
2 0.5525019290123457 0.6149254115226337 0.039544753086419755 0.03986625514403292
2 0.5891531635802469 0.8331198559670782 0.06976658950617284 0.045010288065843625
2 0.6172839506172839 0.7548868312757202 0.039866898148148144 0.10373713991769547
1 0.47421489197530864 0.48482510288065844 0.049511959876543214 0.102880658436214
1 0.6714564043209876 0.4944701646090535 0.027328317901234564 0.0973070987654321
2 0.6169618055555556 0.1613940329218107 0.07073109567901235 0.12131430041152264
2 0.42325810185185186 0.15453446502057613 0.03375771604938271 0.12388631687242799
2 0.44399498456790126 0.07694701646090535 0.05594135802469136 0.11959876543209877
1 0.48466435185185186 0.329647633744856 0.039544753086419755 0.05572788065843621
1 0.5074903549382715 0.440244341563786 0.05176118827160493 0.11231224279835392
6 0.5619328703703703 0.3256455761316872 0.011680169753086419 0.03229166666666666