1 0.36410108024691357 0.6530349794238683 0.140625 0.2736625514403292
1 0.5329861111111112 0.34593621399176955 0.09606481481481481 0.05606995884773663
1 0.37606095679012347 0.3663837448559671 0.10320216049382716 0.0573559670781893
1 0.8512731481481481 0.5381944444444444 0.036265432098765434 0.08616255144032922
1 0.8248456790123457 0.6931584362139918 0.09992283950617284 0.3477366255144033
1 0.7136381172839507 0.5659722222222222 0.05459104938271605 0.11805555555555555
1 0.7608989197530864 0.3575102880658436 0.10320216049382716 0.2088477366255144
1 0.5695408950617284 0.6084104938271605 0.12943672839506173 0.24202674897119342
1 0.3704668209876543 0.46849279835390945 0.08738425925925926 0.06507201646090535
1 0.5109953703703703 0.14570473251028807 0.17708333333333334 0.14994855967078188
1 0.6614583333333334 0.3109567901234568 0.1566358024691358 0.1558641975308642
1 0.4683641975308642 0.5249485596707819 0.07291666666666667 0.09619341563786009
1 0.36496913580246915 0.1680812757201646 0.25655864197530864 0.23996913580246915