1 0.45380015432098764 0.26427469135802467 0.14988425925925927 0.0985082304526749
1 0.6694637345679012 0.23842592592592593 0.24286265432098766 0.20421810699588477
1 0.7289737654320988 0.591820987654321 0.08294753086419752 0.15432098765432098
1 0.9093364197530864 0.779835390946502 0.1554783950617284 0.4398148148148148
1 0.824266975308642 0.33989197530864196 0.16666666666666666 0.2708333333333333
1 0.15133101851851852 0.7089763374485597 0.2212577160493827 0.4462448559670782
1 0.4826388888888889 0.6629372427983539 0.2191358024691358 0.3721707818930041
1 0.17920524691358025 0.42592592592592593 0.13387345679012347 0.1044238683127572
1 0.20023148148148148 0.28459362139917693 0.16435185185185186 0.08770576131687242
1 0.23717206790123457 0.09246399176954732 0.3130787037037037 0.18492798353909465
1 0.33015046296296297 0.4963991769547325 0.1089891975308642 0.15432098765432098