1 0.6427469135802469 0.6657021604938271 0.08539094650205761 0.1095679012345679
1 0.5680298353909465 0.7188464506172839 0.11342592592592593 0.11400462962962964
1 0.6306584362139918 0.581983024691358 0.07253086419753087 0.06674382716049383
1 0.5002572016460906 0.6408179012345679 0.10648148148148148 0.08410493827160494
1 0.6550925925925926 0.4557291666666667 0.11213991769547325 0.08429783950617284
1 0.4844393004115226 0.4365354938271605 0.06095679012345679 0.08063271604938271
1 0.5095164609053497 0.3365162037037037 0.059670781893004114 0.06847993827160494
1 0.4288837448559671 0.32166280864197533 0.10416666666666667 0.11747685185185185
1 0.40483539094650206 0.43605324074074076 0.09310699588477367 0.13252314814814814
1 0.4786522633744856 0.5495756172839507 0.0889917695473251 0.08950617283950617
1 0.7049897119341564 0.5509259259259259 0.09567901234567901 0.09953703703703703
1 0.5478395061728395 0.5584490740740741 0.06584362139917696 0.0783179012345679
1 0.6813271604938271 0.39872685185185186 0.05606995884773663 0.09876543209876543
1 0.770190329218107 0.4342206790123457 0.14531893004115226 0.12654320987654322
1 0.5152597736625514 0.4832175925925926 0.08573302469135802 0.062370756172839506
2 0.7686033950617284 0.7365605709876543 0.05744084362139918 0.08037615740740742
2 0.8371913580246914 0.6159972993827161 0.09688014403292182 0.06558641975308642
6 0.9057793209876543 0.16364390432098766 0.07115997942386831 0.10480902777777779