10 0.353461738677772 0.16113875069098949 0.04268610098906819 0.05251520176893311
10 0.35684539302446644 0.3656716417910448 0.039042165538781884 0.05140961857379768
10 0.523685580426861 0.1956882255389718 0.03435710567412806 0.05306799336650083
10 0.5447683498178032 0.3333333333333333 0.04737116085372202 0.0685461580983969
10 0.6241540864133264 0.24654505251520176 0.04476834981780323 0.05638474295190713
10 0.6605934409161894 0.20398009950248755 0.03748047891723061 0.03427307904919845
10 0.24986985944820406 0.40574903261470424 0.055179593961478396 0.0652294085129906
10 0.18453930244664238 0.3485351022664456 0.09005726184279021 0.04256495301271421
10 0.2954190525767829 0.2620232172470978 0.05986465382613222 0.055279159756771695
10 0.392243623112962 0.3618021006080708 0.027589796980739198 0.04477611940298507
2 0.6790733992712129 0.7144831398562742 0.10359187922956793 0.17744610281923714
2 0.5934409161894847 0.5638474295190713 0.09786569495054659 0.14151464897733554
10 0.6634565330557002 0.3504698728579326 0.05153565851119209 0.04754007739082366
10 0.39863612701717854 0.2421558872305141 0.03516918271733472 0.051901603095632944
10 0.3453930244664237 0.2846876727473742 0.039042165538781884 0.051962410171365395
2 0.7855283706402915 0.20398009950248755 0.07600208224882873 0.12824765063571034
2 0.9094221759500261 0.31343283582089554 0.05830296720458095 0.08070757324488667
2 0.9297241020301926 0.42260917634051964 0.05101509630400833 0.05804311774461028
2 0.8571056741280583 0.4273079049198452 0.03591879229567933 0.05749032614704257
2 0.3516397709526288 0.5632946379215036 0.08693388859968766 0.06412382531785517
10 0.273815720978657 0.17468214483139857 0.048932847475273294 0.05638474295190713
10 0.3651743883394066 0.10696517412935323 0.05153565851119209 0.03924820342730791
10 0.2079646017699115 0.16804864566058597 0.04112441436751692 0.04975124378109453
10 0.5268089536699636 0.10862354892205639 0.10098906819364914 0.04145936981757877
10 0.40525767829255593 0.13156440022111665 0.05465903175429464 0.05085682697622996
10 0.329776158250911 0.2357656163626313 0.03695991671004685 0.035931453841901606
10 0.37038001041124413 0.263681592039801 0.0338365434669443 0.035378662244333885
10 0.1629359708485164 0.3850193477059149 0.06871421134825612 0.040353786622443336
10 0.29047371160853724 0.4574350469872858 0.04476834981780323 0.050304035378662244
10 0.40395627277459656 0.47042564953012717 0.04789172306090578 0.04090657822001106
10 0.1803748047891723 0.2631288004422333 0.06923477355543987 0.04532891100055279
10 0.4510671525247267 0.5071862907683803 0.042165538781884435 0.04477611940298507
10 0.37298282144716294 0.4281370923161968 0.03071317022384175 0.040353786622443336
2 0.39406559083810516 0.8875069098949696 0.10827693909422176 0.2249861802100608
2 0.5208224882873503 0.8137092316196793 0.03800104112441437 0.06301824212271974
2 0.46434148880791254 0.7037037037037037 0.03435710567412806 0.07739082365948037
2 0.5242061426340447 0.8880597014925373 0.08953669963560645 0.053620784964068545
10 0.6058771473191047 0.1805804311774461 0.05147839666840187 0.029480375898286344
10 0.4537584591358667 0.31601437258153675 0.05147839666840187 0.03500829187396352
10 0.43351379489849035 0.3356661138750691 0.04569495054659032 0.03009397457158651
10 0.4855700156168662 0.3264566058595909 0.03875065070275898 0.039922609176340516
10 0.4543362831858407 0.3983195135433941 0.04916189484643415 0.07923161967938087
10 0.44999479437792816 0.11885019347705915 0.02892243623112962 0.027639579878385848
10 0.6238053097345132 0.1262189054726368 0.03759500260281103 0.03500829187396352
10 0.6654502863092139 0.14034825870646767 0.03528370640291515 0.04975124378109453
10 0.27213951067152525 0.3144776119402985 0.04337844872462259 0.055279159756771695
10 0.4971369078604893 0.3715975677169707 0.04222280062467465 0.04667772249861802
10 0.49598125976054136 0.5094914317302377 0.04453930244664237 0.05589275843007186
10 0.48961998958875586 0.4606578220011056 0.03643935450286309 0.02333886124930901
10 0.5124622592399792 0.49137092316196795 0.0647787610619469 0.05896627971254837
10 0.31320666319625196 0.3857269209508015 0.03759500260281103 0.055279159756771695
10 0.24176991150442478 0.2552072968490879 0.03586153045288912 0.032553897180762854
10 0.42512753774076 0.24814262023217246 0.03933368037480479 0.03808181315644002
10 0.4398750650702759 0.21773908236594802 0.0410671525247267 0.03009397457158651
10 0.5546902654867256 0.23555002763957988 0.037017178552837066 0.03500829187396352
10 0.589104633003644 0.2693311221669431 0.024872462259239978 0.025185185185185185
10 0.650994273815721 0.2917523493642896 0.03296720458094742 0.03562189054726368
10 0.6859864653826132 0.2521337755666114 0.049744924518479956 0.023952459922609175
10 0.6668974492451848 0.2665671641791045 0.02892243623112962 0.02333886124930901
10 0.6819364914107235 0.22019347705914868 0.04280062467464862 0.05097844112769486
10 0.4690838105153566 0.16245992260917633 0.056684018740239456 0.033781094527363185
10 0.6793336803748048 0.3838805970149254 0.04222280062467465 0.03439469320066335
10 0.5619156689224363 0.37282476506357104 0.04222280062467465 0.03562189054726368
10 0.5231650182196772 0.3725207296849088 0.04222280062467465 0.07309010503040354
2 0.7574180114523685 0.6819071310116086 0.09593440916189484 0.16662797125483694
2 0.906892243623113 0.7976008844665561 0.10485684539302446 0.1800497512437811
2 0.5908381051535658 0.7340298507462686 0.15542425819885475 0.13187949143173022