1 0.3922685185185185 0.7708333333333334 0.10667052469135803 0.24279835390946503
1 0.5353009259259259 0.7457561728395061 0.11689814814814815 0.2183641975308642
1 0.5140817901234568 0.5254629629629629 0.04822530864197531 0.1476337448559671
1 0.6153549382716049 0.3557458847736626 0.10108024691358025 0.149619341563786
1 0.8615007716049383 0.8513014403292182 0.14097993827160493 0.2787345679012346
1 0.7651581790123456 0.5905709876543209 0.05280478395061729 0.1307304526748971
1 0.1415895061728395 0.43132716049382713 0.09645061728395062 0.3523662551440329
1 0.2152777777777778 0.14943415637860083 0.11342592592592593 0.2957818930041152
1 0.22935956790123457 0.34156378600823045 0.056712962962962965 0.11728395061728394
1 0.39467592592592593 0.4176954732510288 0.07484567901234568 0.13786008230452676
2 0.9679783950617284 0.6309156378600823 0.06404320987654322 0.169238683127572
1 0.33622685185185186 0.25385802469135804 0.07368827160493827 0.22479423868312756
2 0.8186149691358025 0.26675411522633746 0.08090277777777777 0.10949588477366255
2 0.806574074074074 0.16670267489711935 0.06377314814814815 0.09075617283950618
1 0.45621141975308643 0.06970164609053497 0.09143518518518519 0.13940329218106995
2 0.9351041666666666 0.2569444444444444 0.06960648148148148 0.19598765432098766
2 0.03079475308641975 0.5378086419753086 0.060536265432098765 0.05298353909465021
2 0.0315625 0.45961934156378603 0.06285108024691358 0.09722222222222222
1 0.37182484567901236 0.07175925925925926 0.05587191358024691 0.14351851851851852
2 0.45729938271604936 0.2957818930041152 0.058734567901234574 0.07458847736625514
1 0.4466898148148148 0.37872942386831276 0.08574074074074074 0.07073045267489712
2 0.07330246913580248 0.6390020576131688 0.08573302469135802 0.11088477366255144
1 0.2996412037037037 0.492962962962963 0.09859567901234569 0.23146090534979422
1 0.39501929012345677 0.582988683127572 0.0998804012345679 0.14746399176954733
1 0.39480324074074075 0.582988683127572 0.10030864197530864 0.14746399176954733
1 0.5227623456790124 0.355787037037037 0.07415895061728395 0.14230452674897118
1 0.5761304012345678 0.5341203703703703 0.05486882716049383 0.13545781893004114
1 0.5656288580246913 0.625 0.09559413580246913 0.2109053497942387
1 0.5825617283950617 0.15432098765432098 0.13117283950617284 0.30864197530864196
1 0.6515933641975309 0.2825565843621399 0.062554012345679 0.12712962962962962
1 0.7102893518518518 0.2911882716049383 0.06971836419753087 0.22229423868312756
2 0.7149729938271605 0.15229938271604937 0.06035108024691358 0.04666152263374485
1 0.7317862654320988 0.09406378600823045 0.061454475308641975 0.10361625514403293
2 0.8391203703703703 0.11721193415637861 0.05015432098765432 0.08965534979423868
1 0.8778395061728396 0.36926954732510286 0.0642091049382716 0.2006172839506173
1 0.8279591049382716 0.4769135802469136 0.06641203703703703 0.20647119341563785
1 0.7280632716049383 0.46865226337448557 0.06172839506172839 0.133369341563786
1 0.6828703703703703 0.41188786008230455 0.0314158950617284 0.17782921810699587
2 0.7282021604938271 0.6382253086419754 0.04050925925925926 0.14550411522633747
2 0.6383641975308643 0.6409825102880659 0.08294753086419752 0.1510133744855967
2 0.6248611111111112 0.5441666666666666 0.05759645061728395 0.06393518518518519
1 0.852349537037037 0.7043621399176955 0.1399922839506173 0.2601286008230453
2 0.7640277777777778 0.750843621399177 0.05153163580246913 0.10324588477366256
2 0.7806983024691357 0.6845216049382716 0.03251929012345679 0.030864197530864196
1 0.9015393518518519 0.9130658436213992 0.042164351851851856 0.14109567901234568
2 0.9650578703703703 0.7427623456790123 0.04409336419753087 0.06282921810699589
1 0.9800501543209876 0.8206481481481481 0.03990354938271605 0.18847736625514402
1 0.9588580246913581 0.9464300411522634 0.04547067901234568 0.10714506172839505
2 0.9752276234567901 0.44238683127572015 0.04954861111111111 0.06025720164609054
1 0.9432870370370371 0.07748456790123456 0.07330246913580248 0.15496399176954734
2 0.9522878086419753 0.14210390946502058 0.04436728395061729 0.0870216049382716
1 0.9812885802469136 0.1416769547325103 0.03742283950617284 0.14531893004115226
2 0.9466628086419753 0.40016460905349793 0.06590663580246914 0.13417181069958847
1 0.7544058641975309 0.9167078189300412 0.09741512345679013 0.06130144032921811
2 0.1742554012345679 0.22433641975308644 0.047581018518518516 0.04858024691358025
2 0.27091820987654325 0.2623456790123457 0.046296296296296294 0.06401234567901234
2 0.13910493827160494 0.16317901234567903 0.04329475308641975 0.12974279835390948
2 0.06408564814814816 0.6695833333333334 0.03643518518518518 0.031435185185185184
6 0.4083063271604938 0.5281224279835391 0.021863425925925925 0.03772119341563786
6 0.3211805555555556 0.31335905349794235 0.02379243827160494 0.04715534979423868