1 0.435 0.752 0.174 0.3253333333333333
1 0.579 0.6146666666666667 0.09 0.25333333333333335
1 0.425 0.5186666666666667 0.222 0.17333333333333334
1 0.757 0.37333333333333335 0.122 0.11733333333333333
1 0.127 0.31733333333333336 0.186 0.208
1 0.325 0.33066666666666666 0.11 0.22933333333333333
1 0.735 0.772 0.15 0.23733333333333334
1 0.843 0.856 0.13 0.25066666666666665
1 0.906 0.728 0.188 0.19733333333333333
1 0.48469999999999996 0.36784 0.17882 0.16157333333333335
1 0.6353 0.47136 0.13176 0.18981333333333336
1 0.14412 0.09568 0.17764 0.19136
1 0.08588 0.19608 0.17176 0.19136