10 0.6221613155833986 0.41762114537444933 0.0696945967110415 0.06284875183553598
10 0.5526624902114331 0.6816446402349486 0.09122944400939702 0.07694566813509544
10 0.8046202036021927 0.5572687224669604 0.07830853563038372 0.10954478707782672
10 0.2897415818324197 0.29397944199706316 0.19890368050117463 0.07694566813509544
10 0.12137823022709475 0.44816446402349486 0.17697729052466718 0.06754772393538913
10 0.1595536413469068 0.6061674008810573 0.17032106499608457 0.1486049926578561
10 0.5847689898198903 0.5813509544787078 0.14056382145653876 0.10308370044052863
10 0.6934220830070478 0.357856093979442 0.19890368050117463 0.08252569750367107
10 0.2764291307752545 0.4340675477239354 0.04385277995301488 0.04933920704845815
10 0.28660924040720437 0.48722466960352423 0.05324980422866092 0.03700440528634361
10 0.2760375880971026 0.5450807635829662 0.11198120595144871 0.05638766519823789
10 0.38214565387627253 0.6046989720998531 0.05168363351605325 0.04875183553597651
10 0.548159749412686 0.23465491923641704 0.08457321848081441 0.03700440528634361
10 0.4400939702427565 0.3312775330396476 0.0485512920908379 0.02936857562408223
10 0.8586530931871574 0.4590308370044053 0.052466718872357085 0.04052863436123348
10 0.7858261550509006 0.4 0.05716523101018011 0.030543318649045522
10 0.4130775254502741 0.1765051395007342 0.07439310884886452 0.0381791483113069
10 0.35395458104933436 0.37856093979441996 0.08457321848081441 0.04052863436123348
10 0.49099451840250585 0.7729809104258444 0.06108065779169929 0.061086637298091044
10 0.34651527016444794 0.7362701908957415 0.04306969459671104 0.035829662261380325
10 0.2572435395458105 0.738913362701909 0.13547376664056382 0.057562408223201175
10 0.32615505090054814 0.66784140969163 0.028974158183241974 0.03171806167400881
10 0.34925606891151134 0.027606461086637297 0.02975724353954581 0.037591776798825256
10 0.360610806577917 0.06549192364170338 0.05559906029757244 0.04522760646108664
10 0.6029757243539546 0.2966226138032305 0.05324980422866092 0.044640234948604994
10 0.889584964761159 0.4763582966226138 0.056382145653876274 0.05051395007342144
10 0.5086139389193423 0.5979441997063143 0.058731401722787784 0.05638766519823789
10 0.4741581832419734 0.6449339207048458 0.04306969459671104 0.03171806167400881
10 0.46750195771339076 0.6701908957415565 0.06108065779169929 0.038766519823788544