10 0.6448688271604939 0.20318930041152264 0.07137345679012345 0.05452674897119342
10 0.5889274691358025 0.15946502057613168 0.052083333333333336 0.09465020576131687
10 0.41705246913580246 0.9133230452674898 0.05478395061728395 0.08179012345679013
10 0.4270833333333333 0.8076131687242798 0.05941358024691358 0.05761316872427984
10 0.4234182098765432 0.8680555555555556 0.058256172839506175 0.04063786008230453
10 0.9361496913580247 0.5573559670781894 0.10609567901234568 0.11265432098765432
10 0.9143518518518519 0.6427469135802469 0.10416666666666667 0.10030864197530864
10 0.4461805555555556 0.566358024691358 0.06365740740740741 0.09362139917695474
10 0.40914351851851855 0.42926954732510286 0.07214506172839506 0.0941358024691358
10 0.33796296296296297 0.37011316872427985 0.08179012345679013 0.11059670781893004
10 0.30536265432098764 0.34079218106995884 0.09452160493827161 0.17644032921810698
10 0.5493827160493827 0.46733539094650206 0.08333333333333333 0.07767489711934156
10 0.5841049382716049 0.6252572016460906 0.0941358024691358 0.09722222222222222
10 0.4949845679012346 0.6939300411522634 0.07098765432098765 0.12448559670781893
10 0.5266203703703703 0.22376543209876543 0.0470679012345679 0.08950617283950617