6 0.23893246187363834 0.6274509803921569 0.24254901960784314 0.20915032679738563
6 0.41976034858387795 0.45697712418300657 0.2440087145969499 0.11220588235294118
6 0.1561437908496732 0.49836601307189543 0.21932461873638345 0.13181372549019607
6 0.7516339869281046 0.42483660130718953 0.16993464052287582 0.12200980392156863
6 0.6230936819172114 0.4133986928104575 0.17718954248366012 0.08606209150326798
6 0.8790849673202614 0.5288725490196079 0.24183006535947713 0.13834967320261438
6 0.7552723311546842 0.793578431372549 0.11910675381263616 0.11437908496732026
6 0.20261437908496732 0.771781045751634 0.09440087145969499 0.10348039215686274
6 0.08568627450980391 0.7875816993464052 0.09296296296296297 0.10457516339869281
6 0.8892592592592593 0.6704738562091503 0.22150326797385622 0.12091503267973856
6 0.9800217864923747 0.3431372549019608 0.03993464052287581 0.12418300653594772
6 0.9364488017429193 0.8180882352941177 0.1270806100217865 0.12418300653594772