2 0.38 0.7725856697819314 0.46 0.794392523364486 0.5 0.8317757009345794 0.385 0.8660436137071651 0.32 0.8535825545171339 0.31 0.8130841121495327 0.3225 0.7819314641744548
2 0.1775 0.6292834890965732 0.24 0.6448598130841121 0.2775 0.7227414330218068 0.225 0.7414330218068536 0.185 0.7414330218068536 0.0575 0.6978193146417445 0.095 0.6666666666666666
2 0.45 0.5010280373831776 0.195825 0.259595015576324
2 0.35 0.24831775700934577 0.19704999999999998 0.38299065420560746
2 0.849275 0.5800000000000001 0.13970000000000002 0.06778816199376947
2 0.72205 0.6358878504672897 0.1206 0.12093457943925234
2 0.63015 0.40682242990654205 0.163225 0.12461059190031153
2 0.56985 0.2766978193146417 0.186775 0.08429906542056075
2 0.600725 0.1273520249221184 0.148525 0.2217445482866044
2 0.74705 0.20249221183800623 0.09705 0.1997507788161994
2 0.856625 0.39214953271028036 0.136775 0.11361370716510903