7 0.42980769230769234 0.520397489539749 0.2173076923076923 0.37656903765690375
7 0.34066153846153846 0.6156589958158997 0.16703076923076923 0.260010460251046
7 0.2 0.7508995815899582 0.12746923076923078 0.31231171548117154
7 0.18516153846153846 0.617897489539749 0.15714615384615385 0.24655857740585774
7 0.20604615384615385 0.34219665271966526 0.31099230769230773 0.15540794979079497
7 0.3137384615384615 0.22713389121338912 0.11099230769230768 0.2839225941422594
7 0.2692307692307692 0.1539121338912134 0.14066153846153848 0.242081589958159
7 0.45109999999999995 0.053043933054393304 0.1989 0.10609832635983264
7 0.7554923076923077 0.8002092050209205 0.12197692307692307 0.21369246861924684
7 0.6434076923076922 0.7396861924686192 0.13516153846153847 0.173336820083682
7 0.8258230769230769 0.5872698744769874 0.11977692307692309 0.2062133891213389
7 0.9478000000000001 0.6926150627615063 0.1043923076923077 0.1957531380753138