10 0.5785230769230769 0.4967029702970297 0.049361538461538464 0.07096039603960397
10 0.5109 0.36675247524752475 0.0641 0.060227722772277226
10 0.38109230769230773 0.5474455445544554 0.06346153846153846 0.07178217821782178
10 0.4522461538461538 0.5499207920792079 0.039099999999999996 0.06188118811881188
10 0.4224384615384615 0.4612178217821782 0.043592307692307694 0.08086138613861386
10 0.5121769230769231 0.6699702970297029 0.0859 0.1188118811881188
10 0.5705153846153845 0.6596534653465347 0.0641 0.13943564356435645
10 0.39615384615384613 0.7669108910891089 0.11025384615384616 0.20874257425742576
10 0.2984 0.8366336633663366 0.08397692307692307 0.21452475247524752
10 0.31826923076923075 0.594881188118812 0.09679230769230769 0.11220792079207921
10 0.38269230769230766 0.6023069306930694 0.03717692307692307 0.05775247524752475
10 0.20354615384615385 0.8279702970297029 0.10315384615384615 0.1905940594059406
10 0.24523846153846154 0.6732673267326733 0.10063846153846155 0.11386138613861387
10 0.45196923076923073 0.49215841584158415 0.08205384615384616 0.06517821782178218
2 0.3622307692307692 0.23720792079207922 0.14871538461538464 0.3061089108910891
2 0.23402307692307694 0.2103960396039604 0.10128461538461538 0.22772277227722773
2 0.10936923076923077 0.24834653465346535 0.16468461538461537 0.17656435643564358
2 0.13215384615384615 0.433990099009901 0.2012846153846154 0.16997029702970295
2 0.24914615384615382 0.49504950495049505 0.07243846153846153 0.06600990099009901
2 0.29113076923076925 0.3316831683168317 0.0641 0.06930693069306931
2 0.27190000000000003 0.35190099009900994 0.04871538461538461 0.08168316831683169
2 0.21453076923076922 0.6468613861386139 0.16859230769230768 0.20131683168316833
2 0.5762846153846154 0.9121287128712872 0.1359 0.17574257425742573
2 0.6685923076923077 0.7256633663366336 0.1576923076923077 0.14274257425742573
2 0.8067307692307693 0.7594851485148515 0.12371538461538463 0.30115841584158415
2 0.7288461538461538 0.8473564356435644 0.17436153846153846 0.15841584158415842
2 0.4109 0.9418316831683168 0.12436153846153845 0.11633663366336634
2 0.7576923076923077 0.9488415841584159 0.11153846153846154 0.1023069306930693
2 0.9067307692307692 0.844881188118812 0.09551538461538461 0.17987128712871286
2 0.9573692307692308 0.926980198019802 0.08525384615384615 0.14603960396039603
10 0.7387846153846154 0.41955445544554454 0.15576923076923077 0.1344851485148515
10 0.6573692307692308 0.3316831683168317 0.04807692307692308 0.0891089108910891
10 0.7198692307692308 0.5230990099009901 0.1294846153846154 0.13366336633663367
10 0.7570538461538461 0.18564356435643564 0.19743846153846156 0.13696039603960397
10 0.9573692307692308 0.2000792079207921 0.08525384615384615 0.09983168316831682
10 0.8778846153846154 0.2079207920792079 0.05576923076923077 0.06600990099009901
10 0.6019230769230769 0.10973267326732673 0.0859 0.21946534653465347
10 0.6948692307692308 0.07178217821782178 0.13717692307692309 0.14356435643564355
10 0.6330153846153845 0.467 0.062176923076923074 0.14686138613861388
10 0.616023076923077 0.5618811881188119 0.07563846153846154 0.05115841584158416
10 0.5381384615384616 0.587049504950495 0.06602307692307692 0.07343564356435643
10 0.5115384615384615 0.556108910891089 0.06153846153846154 0.04455445544554455
10 0.5282076923076923 0.25123762376237624 0.11923076923076924 0.1641881188118812