10 0.8076146788990826 0.31604489164086685 0.14456213511259383 0.06191950464396285
10 0.7381150959132611 0.5501780185758515 0.1556880733944954 0.2334907120743034
10 0.1306672226855713 0.7231733746130031 0.261326105087573 0.3034210526315789
10 0.2175396163469558 0.4053250773993808 0.14317764804003336 0.2089783281733746
10 0.38365304420350294 0.24058049535603715 0.3808757297748124 0.3315247678018576
10 0.35306922435362803 0.6443498452012384 0.10842368640533778 0.2592879256965944
10 0.585904920767306 0.5546981424148606 0.19321934945788155 0.10319659442724459
10 0.617648040033361 0.3392647058823529 0.17514595496246874 0.08513931888544891
10 0.846071726438699 0.15092879256965944 0.18533778148457047 0.09373839009287925
10 0.7575729774812344 0.3667879256965944 0.07691409507923269 0.03181888544891641
10 0.6510091743119265 0.3173374613003096 0.07135946622185155 0.0430030959752322
10 0.6069891576313594 0.3968885448916408 0.13344453711426188 0.0593421052631579
10 0.896580483736447 0.45149380804953565 0.12325271059216013 0.2476780185758514
10 0.6880733944954128 0.4179566563467492 0.06208507089241034 0.029241486068111455