2 0.544 0.6135 0.17066666666666666 0.073
2 0.6168933333333334 0.23633 0.08533333333333333 0.09267
2 0.48310666666666663 0.386 0.06133333333333333 0.06533
2 0.22977333333333336 0.40232999999999997 0.10222666666666667 0.12467
2 0.3328933333333333 0.33967 0.10222666666666667 0.082
2 0.13066666666666665 0.451 0.12933333333333333 0.052
2 0.07166666666666667 0.419 0.082 0.062
2 0.163 0.526 0.126 0.113
2 0.12066666666666667 0.60925 0.10533333333333333 0.0595
2 0.15233333333333332 0.66425 0.066 0.0615
2 0.19666666666666666 0.611 0.04533333333333334 0.063
2 0.11033333333333334 0.848 0.11266666666666666 0.09
2 0.19066666666666668 0.83825 0.07333333333333333 0.0735
2 0.30566666666666664 0.9015 0.07266666666666667 0.094
2 0.25766666666666665 0.961 0.102 0.078
2 0.30533333333333335 0.7495 0.156 0.095
2 0.199 0.6935 0.059333333333333335 0.062
2 0.2956666666666667 0.493 0.098 0.054
2 0.368 0.4475 0.064 0.075
2 0.22533333333333333 0.5465 0.06666666666666667 0.058
2 0.31433333333333335 0.28125 0.056666666666666664 0.0385
2 0.215 0.226 0.10733333333333334 0.061
2 0.398 0.252 0.12 0.075
2 0.279 0.143 0.09933333333333333 0.05
2 0.42933333333333334 0.17525 0.09866666666666667 0.0385
2 0.461 0.04275 0.07533333333333334 0.0635
2 0.16366666666666665 0.142 0.056666666666666664 0.045
2 0.20133333333333334 0.29525 0.09466666666666666 0.0605
2 0.42433333333333334 0.34225 0.07 0.0345
2 0.5296666666666666 0.29 0.05266666666666667 0.026
2 0.464 0.2345 0.06266666666666666 0.026
2 0.5313333333333333 0.2375 0.06133333333333333 0.03
2 0.556 0.34375 0.050666666666666665 0.0645
2 0.5646666666666667 0.45625 0.07466666666666667 0.0575
2 0.493 0.5105 0.07133333333333333 0.049
2 0.35133333333333333 0.561 0.112 0.121
2 0.36466666666666664 0.661 0.08133333333333333 0.062
2 0.42033333333333334 0.6225 0.042 0.048
2 0.5143333333333333 0.70775 0.16466666666666666 0.0645
2 0.43566666666666665 0.85 0.134 0.143
2 0.339 0.92375 0.082 0.0705
2 0.525 0.936 0.094 0.053
2 0.642 0.9685 0.08 0.063
2 0.5673333333333334 0.91175 0.06 0.0325
2 0.24766666666666667 0.63125 0.048666666666666664 0.0585
2 0.457 0.67825 0.09133333333333334 0.0455
2 0.5286666666666666 0.8665 0.10533333333333333 0.06
2 0.7093333333333334 0.91325 0.09733333333333333 0.0615
2 0.695 0.86575 0.056666666666666664 0.0355
2 0.5783333333333334 0.82575 0.09533333333333334 0.0605
2 0.5816666666666667 0.78175 0.09266666666666666 0.0325
2 0.6593333333333333 0.7995 0.07066666666666667 0.037
2 0.672 0.5175 0.148 0.067
2 0.6173333333333333 0.48225 0.088 0.0455
2 0.6036666666666667 0.3305 0.048666666666666664 0.055
2 0.5373333333333333 0.1705 0.084 0.043
2 0.6313333333333333 0.17275 0.06533333333333333 0.0375
2 0.6766666666666666 0.3745 0.07866666666666666 0.042
2 0.5936666666666667 0.393 0.07533333333333334 0.058
2 0.633 0.43325 0.066 0.0615
2 0.30366666666666664 0.8345 0.06866666666666667 0.035
2 0.324 0.796 0.076 0.038
2 0.5136666666666667 0.32425 0.04466666666666667 0.0505
2 0.181 0.94625 0.05 0.0465
2 0.104 0.94375 0.04133333333333333 0.0405
2 0.10133333333333333 0.79275 0.05466666666666667 0.0205
2 0.7569466666666668 0.09979 0.125 0.07125
2 0.8547199999999999 0.05417 0.14610666666666666 0.09083
2 0.8708266666666666 0.10104 0.13389333333333334 0.05958
2 0.7011066666666668 0.17229 0.06556000000000001 0.032920000000000005
2 0.7419466666666668 0.2675 0.06833333333333333 0.0375
2 0.8372266666666666 0.26145999999999997 0.06777333333333332 0.03125
2 0.77972 0.41895 0.09833333333333333 0.11624
2 0.7713866666666667 0.49583 0.04944 0.0575
2 0.7966666666666666 0.6845800000000001 0.07889333333333333 0.08
2 0.6516666666666666 0.63854 0.04556 0.05875
2 0.7316666666666667 0.70813 0.06333333333333334 0.06625
2 0.8130533333333333 0.75521 0.09389333333333334 0.04542
2 0.7780533333333333 0.80104 0.065 0.05208
2 0.66444 0.76063 0.03777333333333333 0.04625
2 0.5886133333333333 0.7620800000000001 0.095 0.03667
2 0.6413866666666667 0.92313 0.04277333333333333 0.03542
2 0.7886133333333334 0.8610399999999999 0.09166666666666666 0.05792
2 0.8022266666666666 0.91979 0.03777333333333333 0.02708
2 0.8802800000000001 0.75 0.05056 0.04667
2 0.8674933333333333 0.60125 0.06056 0.03417
2 0.9213866666666666 0.55604 0.05277333333333333 0.062079999999999996
2 0.7394400000000001 0.55667 0.08444 0.03583
2 0.8013866666666666 0.64187 0.10833333333333334 0.04542
2 0.825 0.34625 0.06333333333333334 0.02917
2 0.7169466666666667 0.35354 0.07166666666666667 0.05208
2 0.7677733333333334 0.20333 0.03777333333333333 0.04167
2 0.8716666666666667 0.16583 0.12333333333333334 0.053329999999999995
2 0.91972 0.2625 0.08943999999999999 0.1275
2 0.8658399999999999 0.43895999999999996 0.085 0.12042
2 0.9438933333333333 0.69521 0.055560000000000005 0.03958
2 0.7438933333333333 0.05208 0.06556000000000001 0.04167
2 0.9152800000000001 0.6533300000000001 0.04944 0.05
2 0.9130533333333333 0.96896 0.04056 0.05208
2 0.95528 0.97 0.07056 0.0475