1 0.6449386503067485 0.2109645328719723 0.30559815950920244 0.22556228373702422
1 0.1799271472392638 0.42711937716262977 0.14858128834355827 0.08996539792387544
1 0.11157975460122699 0.31450043252595156 0.1330521472392638 0.126189446366782
1 0.14896472392638035 0.5242214532871973 0.2979294478527607 0.10964532871972318
1 0.5099693251533742 0.36840397923875434 0.14493865030674846 0.1671712802768166
1 0.4853335889570552 0.660413062283737 0.20456288343558282 0.1456531141868512
1 0.4165069018404908 0.7795739619377162 0.25901073619631904 0.15170847750865052
1 0.7622699386503068 0.35986159169550175 0.14493865030674846 0.16219723183391002
1 0.8744248466257669 0.3490484429065744 0.2503834355828221 0.3014705882352941
1 0.09144938650306748 0.10434688581314878 0.18289877300613497 0.17884948096885814
1 0.44171779141104295 0.23280709342560554 0.12346625766871165 0.11180795847750866
1 0.5065184049079755 0.518598615916955 0.1357361963190184 0.14057093425605535
1 0.7292944785276073 0.5351427335640139 0.3197852760736196 0.19009515570934257
1 0.16679447852760737 0.6326232698961938 0.2572852760736196 0.12964965397923875
6 0.29045245398773006 0.4544225778546713 0.05943251533742331 0.018923010380622836
1 0.3038726993865031 0.650674740484429 0.08819018404907976 0.06216046712802768