1 0.8071319018404908 0.07547577854671281 0.23466257668711657 0.15095155709342561
1 0.45149539877300615 0.49578287197231835 0.18059815950920247 0.057309688581314876
1 0.42024539877300615 0.25346020761245674 0.2799079754601227 0.07309688581314878
1 0.28680981595092025 0.39111159169550175 0.06058282208588957 0.05125432525951557
1 0.9167944785276073 0.1371107266435986 0.1664110429447853 0.1522491349480969
1 0.1142638036809816 0.3469939446366782 0.22392638036809817 0.09277681660899655
1 0.15433282208588958 0.5329801038062284 0.1851993865030675 0.10445501730103807
1 0.7774156441717791 0.5271410034602076 0.31633435582822084 0.12521626297577854
1 0.15605828220858894 0.8023356401384083 0.14033742331288343 0.07396193771626297
1 0.36598926380368096 0.7623269896193772 0.11311349693251534 0.04238754325259515
1 0.5814148773006135 0.5560121107266436 0.2765835889570552 0.09472318339100345
1 0.7058397239263804 0.7728157439446367 0.23555598159509203 0.13689446366782007
1 0.5362346625766872 0.6632785467128027 0.06710122699386503 0.07482698961937716
1 0.2307016871165644 0.12326989619377163 0.25434432515337424 0.2277962802768166
1 0.46331671779141104 0.8657720588235294 0.29524539877300615 0.09659818339100347