3 0.3541666666666667 0.6252197265625 0.23567708333333334 0.065341796875
3 0.7898046875000001 0.40478515625 0.28888671875 0.07421875
3 0.73046875 0.463623046875 0.2669270833333333 0.07666015625
3 0.42679687499999996 0.2655712890625 0.24305338541666666 0.0775830078125
3 0.13997395833333334 0.44455078125 0.18643229166666667 0.2081689453125
3 0.27639973958333336 0.375087890625 0.21780598958333333 0.0621435546875
3 0.30658203125 0.4869482421875 0.23319010416666666 0.147373046875
6 0.4268619791666666 0.5175537109375 0.021829427083333335 0.0212548828125
3 0.4563216145833333 0.5071484375 0.09943359375 0.0599267578125
3 0.3255208333333333 0.1127490234375 0.17637369791666668 0.06658203125
3 0.4672721354166667 0.0898876953125 0.3190104166666667 0.179775390625
6 0.42583984375 0.247470703125 0.05977864583333333 0.0315185546875
3 0.26840494791666664 0.296962890625 0.10475911458333333 0.05859375
3 0.6164192708333334 0.5235693359375 0.07634765624999999 0.0661376953125
3 0.6794531250000001 0.7415185546875 0.1834765625 0.15224609375
3 0.5202408854166667 0.6926806640625 0.09114583333333333 0.0572607421875