6 0.41753125 0.8897187499999999 0.279515625 0.182203125
6 0.8776093749999999 0.44175000000000003 0.22743750000000001 0.2725625
2 0.282125 0.567703125 0.2586875 0.22221875
2 0.279515625 0.24565625 0.15625 0.10590625000000001
2 0.34028125 0.408859375 0.19443749999999999 0.151046875
2 0.8142343750000001 0.11371875000000001 0.267359375 0.20659375
2 0.770828125 0.7282968750000001 0.24653125 0.203125
2 0.9322968749999999 0.8098906250000001 0.1180625 0.157984375
2 0.595046875 0.43815625 0.2265625 0.10546875
2 0.158859375 0.9173125000000001 0.171875 0.141921875
2 0.092453125 0.666015625 0.106765625 0.102859375