2 0.354125 0.5667766666666666 0.112 0.27355666666666667
2 0.2694025 0.49529333333333336 0.084565 0.19475
2 0.1617825 0.6199566666666666 0.095435 0.2574166666666667
2 0.39575 0.37266666666666665 0.144 0.076
2 0.379245 0.3093766666666667 0.144505 0.08141666666666666
2 0.20546999999999999 0.29791666666666666 0.12206 0.0885
2 0.19303 0.24437333333333333 0.13156 0.12775
2 0.2220625 0.912 0.1322425 0.176
2 0.19644 0.7708333333333334 0.139995 0.12866666666666668
2 0.2423475 0.6827933333333334 0.1116875 0.08108333333333333
2 0.3538125 0.9074166666666666 0.11213 0.18516666666666667
2 0.3964025 0.7609600000000001 0.109565 0.12625
2 0.4569375 0.8125833333333333 0.06988 0.1375
2 0.5316900000000001 0.8921666666666667 0.1296225 0.21566666666666667
2 0.5474450000000001 0.62625 0.12161 0.21783333333333332
2 0.62675 0.6148333333333333 0.1085 0.195
2 0.59275 0.46158333333333335 0.15 0.09516666666666666
2 0.518375 0.3665 0.06775 0.127
2 0.388625 0.09827666666666666 0.07025 0.07922333333333333
2 0.781435 0.7129166666666666 0.106625 0.2678333333333333
2 0.89162 0.453 0.182745 0.16033333333333333
2 0.914875 0.6231666666666666 0.11325 0.12766666666666668
2 0.71125 0.3935 0.0790075 0.057
2 0.6186925 0.31566666666666665 0.1471425 0.11133333333333334
2 0.64191 0.17396 0.0800725 0.08391666666666667
2 0.46125 0.20533333333333334 0.101 0.116
2 0.3321275 0.24991666666666668 0.1108775 0.04516666666666667
2 0.4367175 0.5786266666666667 0.06919249999999999 0.16475
2 0.6773575 0.88875 0.055515 0.14083333333333334
2 0.6208049999999999 0.7741666666666667 0.06616 0.06333333333333334
2 0.28804250000000003 0.7752100000000001 0.038987499999999994 0.04041666666666666
2 0.3319425 0.77125 0.030535 0.035
2 0.53519 0.6912933333333333 0.088885 0.09508333333333334
2 0.48555000000000004 0.7127100000000001 0.039625 0.06875
2 0.601775 0.8380566666666667 0.056585 0.06055666666666666
2 0.7065499999999999 0.7677766666666667 0.07030249999999999 0.07111
2 0.9323899999999999 0.5644433333333333 0.07885500000000001 0.09666666666666666
2 0.8111499999999999 0.49889 0.0436675 0.04777666666666667
2 0.919875 0.25889 0.09028499999999999 0.14333333333333334
2 0.8430175000000001 0.23111 0.065735 0.12444333333333332
2 0.47469 0.43666666666666665 0.0282475 0.06888999999999999
2 0.327185 0.6377766666666667 0.0457375 0.03777666666666667
2 0.4701125 0.03555666666666667 0.0340925 0.06222333333333333
2 0.7728075 0.25083333333333335 0.041979999999999996 0.029443333333333332