6 0.36434375 0.39559375 0.13778125000000002 0.1775625
2 0.32871875 0.21754687499999997 0.140625 0.21875
2 0.488578125 0.23737499999999997 0.128609375 0.1358125
2 0.04446875 0.2421875 0.0889375 0.183890625
2 0.045078125000000004 0.118984375 0.087734375 0.09134375
2 0.15325 0.066703125 0.126203125 0.1045625
2 0.418265625 0.10215624999999999 0.09615625 0.15384375
2 0.912859375 0.097953125 0.17428125 0.19590625
2 0.60215625 0.052890625000000004 0.08653125 0.105765625
2 0.43198437500000003 0.616734375 0.090078125 0.09559375
2 0.6966875 0.56709375 0.097421875 0.11764062500000001
2 0.5647968750000001 0.553765625 0.15717187500000002 0.26746875000000003
2 0.60753125 0.87775 0.23162500000000003 0.244484375
2 0.43475 0.887359375 0.17095312499999998 0.22528125000000002
2 0.3019375 0.8303125 0.09834375 0.06709375
2 0.080875 0.75 0.0845625 0.132359375
2 0.84375 0.40625 0.112125 0.110296875
2 0.71278125 0.358921875 0.0873125 0.10018750000000001
2 0.8805156249999999 0.5882343750000001 0.14154687500000002 0.125
2 0.766078125 0.679234375 0.13878125 0.06434375