3 0.27664062500000003 0.6868994140625 0.17057291666666666 0.166318359375
3 0.40046875 0.56595703125 0.17652994791666665 0.0890185546875
3 0.14808593750000001 0.5512890625 0.206328125 0.0937890625
3 0.5698111979166667 0.42720703125 0.18649739583333333 0.0986328125
3 0.39736328125000003 0.45015625 0.08328125 0.082255859375
2 0.07626302083333333 0.1729931640625 0.15252604166666667 0.118583984375
2 0.10835286458333333 0.0394091796875 0.21670572916666667 0.0788232421875
3 0.37527994791666663 0.194267578125 0.21112630208333336 0.2099609375
3 0.21763671875 0.384345703125 0.06510416666666667 0.099052734375
2 0.10649088541666667 0.3976025390625 0.21298177083333333 0.206474609375
3 0.07068359375 0.303779296875 0.1413671875 0.0774267578125
3 0.35381510416666667 0.504619140625 0.044570312499999994 0.0492041015625
3 0.31876302083333335 0.4388916015625 0.06460286458333334 0.055966796875
3 0.32952473958333334 0.4035888671875 0.05909505208333333 0.032685546875
3 0.5010546875 0.4779541015625 0.16776692708333332 0.055966796875
3 0.24589192708333332 0.3463037109375 0.09114583333333333 0.041318359375
3 0.40639973958333336 0.3031103515625 0.11268229166666667 0.07962890625
3 0.5480924479166667 0.353037109375 0.21878255208333333 0.106611328125
3 0.6952994791666667 0.4193603515625 0.08664062500000001 0.055966796875
3 0.5846223958333333 0.112490234375 0.10567057291666666 0.0957763671875
3 0.5458072916666666 0.18310546875 0.1171875 0.12056640625
3 0.6960416666666666 0.0591552734375 0.0741015625 0.101787109375
3 0.7466080729166666 0.2499609375 0.13521484375 0.0732421875
3 0.8244856770833334 0.2657275390625 0.19681640625 0.119794921875
3 0.8087109375 0.3945703125 0.09715494791666666 0.046201171875
3 0.8082096354166667 0.4629296875 0.11819010416666666 0.0890185546875
3 0.8375065104166667 0.544248046875 0.11468098958333334 0.0923974609375
3 0.9612760416666667 0.5496923828125 0.039563802083333335 0.0499560546875
3 0.8828255208333333 0.5545751953125 0.1171875 0.08150390625
3 0.9191341145833333 0.3878076171875 0.061601562500000005 0.0785009765625
3 0.8607942708333334 0.41166015625 0.06910807291666667 0.0540869140625
3 0.9747200520833333 0.4510888671875 0.05055989583333333 0.0413037109375
3 0.9051106770833334 0.4612255859375 0.05859375 0.04056640625
3 0.7719010416666667 0.331279296875 0.044570312499999994 0.03080078125
3 0.7448567708333332 0.3519384765625 0.026542968750000003 0.0443212890625
3 0.7648893229166666 0.1032958984375 0.10366536458333332 0.172783203125
3 0.8239843750000001 0.1819873046875 0.05859375 0.075498046875
3 0.7168098958333333 0.2201025390625 0.04858072916666667 0.06009765625
3 0.65220703125 0.1639501953125 0.04156901041666667 0.036435546875
3 0.65771484375 0.2208544921875 0.035559895833333334 0.0345556640625
3 0.9118750000000001 0.1012255859375 0.17127604166666666 0.1070458984375
2 0.2093359375 0.086201171875 0.15625 0.1085498046875
3 0.06735677083333333 0.4700634765625 0.13471354166666666 0.0830078125
3 0.46346354166666665 0.2505517578125 0.068359375 0.078125
6 0.0637109375 0.443291015625 0.054876302083333335 0.023017578125