2 0.2901223544973545 0.7950148809523809 0.1598313492063492 0.15170386904761904
2 0.44168981481481484 0.7181299603174603 0.15542328042328044 0.14508928571428573
2 0.21626984126984128 0.6325644841269841 0.17195767195767195 0.10044642857142858
2 0.6425826719576719 0.509796626984127 0.19786044973544975 0.12111359126984127
2 0.677853835978836 0.4413864087301588 0.12290674603174603 0.11326140873015873
2 0.2391435185185185 0.476108630952381 0.21329365079365079 0.10664682539682539
2 0.4138558201058201 0.6265699404761904 0.08653108465608467 0.052909226190476194
2 0.2702810846560847 0.38000248015873017 0.14991071428571429 0.10623263888888888
2 0.4728273809523809 0.5554737103174603 0.07991732804232804 0.052909226190476194
2 0.48252976190476193 0.5096726190476191 0.05676917989417989 0.056217757936507934
2 0.4174933862433862 0.4055059523809524 0.06779100529100529 0.03141617063492064
2 0.5445337301587302 0.39765128968253965 0.06503637566137566 0.042162698412698416
2 0.41473875661375664 0.3763640873015873 0.04574404761904762 0.05001736111111111
2 0.519454365079365 0.34453621031746035 0.04133597883597884 0.031827876984126986
2 0.43292658730158734 0.3313070436507936 0.042437169312169315 0.033482142857142856
2 0.36044973544973546 0.5191790674603174 0.04078373015873016 0.04877728174603174
2 0.3756051587301587 0.5450148809523809 0.06117724867724868 0.03844246031746032
2 0.43540674603174606 0.5797371031746031 0.05291005291005291 0.031827876984126986
2 0.28742394179894176 0.6944444444444444 0.06889219576719577 0.05125744047619047
2 0.3695436507936508 0.7171800595238096 0.06668981481481481 0.05952380952380952
2 0.33454695767195763 0.6024727182539683 0.05180886243386243 0.05084325396825397
2 0.2099867724867725 0.08681547619047619 0.17416335978835978 0.17363095238095239
2 0.4191468253968254 0.04749503968253968 0.0419973544973545 0.06125992063492063
2 0.4442791005291005 0.13442460317460317 0.0539021164021164 0.019345238095238096
2 0.41898148148148145 0.16257440476190477 0.03968253968253968 0.018601190476190476
2 0.3599537037037037 0.11904761904761904 0.05125661375661376 0.020337301587301588
2 0.4267526455026455 0.29724702380952384 0.03273809523809524 0.03546626984126984
2 0.4107142857142857 0.23102678571428573 0.05886243386243386 0.02554563492063492
2 0.44113756613756616 0.24838789682539683 0.02976190476190476 0.009672619047619048
2 0.5431547619047619 0.3064236111111111 0.06117724867724868 0.03546626984126984
2 0.5681216931216931 0.2874503968253968 0.06481481481481481 0.028273809523809524
2 0.5517526455026455 0.1902281746031746 0.03935185185185185 0.04265873015873016
2 0.382771164021164 0.29985119047619047 0.036044973544973546 0.01984126984126984
2 0.4019510582010582 0.2863343253968254 0.01951058201058201 0.012152777777777778
2 0.45882936507936506 0.2951388888888889 0.036044973544973546 0.012896825396825396
2 0.08910383597883598 0.1370907738095238 0.15542328042328044 0.2672371031746032
2 0.07502645502645502 0.3016493055555556 0.10044642857142858 0.042782738095238096
2 0.18022486772486773 0.3095560515873016 0.07357804232804233 0.05053323412698413
2 0.18084656084656084 0.2253844246031746 0.14012896825396826 0.09672619047619048
2 0.3242824074074074 0.2847544642857143 0.11202050264550265 0.03689236111111111
2 0.18924272486772487 0.2846552579365079 0.0700462962962963 0.025930059523809522
2 0.22832341269841272 0.3175719246031746 0.0508068783068783 0.03359375
2 0.3309887566137566 0.24057539682539683 0.10702380952380952 0.03066468253968254
2 0.23208333333333336 0.3425992063492063 0.11183201058201059 0.026830357142857145
2 0.3479728835978836 0.3365128968253968 0.027357804232804234 0.03494791666666667
2 0.21178902116402118 0.14553819444444444 0.08207010582010582 0.09086309523809524
2 0.32392526455026455 0.17676835317460318 0.038177910052910054 0.02074404761904762
2 0.6969246031746031 0.31358630952380956 0.08349867724867725 0.07533482142857142
2 0.7694708994708995 0.2875446428571429 0.0425760582010582 0.03813244047619048
2 0.6208664021164021 0.30242559523809526 0.06613756613756613 0.03875248015873016
2 0.6675760582010583 0.27467757936507936 0.028935185185185185 0.01240079365079365
2 0.5613425925925926 0.23065476190476192 0.054563492063492064 0.015500992063492064
2 0.7268948412698413 0.2501860119047619 0.06076388888888889 0.02976190476190476
2 0.7742228835978836 0.24801587301587302 0.04712301587301587 0.022321428571428572
2 0.7544642857142857 0.21961805555555555 0.03736772486772487 0.035962301587301584
2 0.6188822751322751 0.06708829365079365 0.035383597883597885 0.026537698412698412
2 0.8493716931216931 0.2594072420634921 0.12731481481481483 0.13835565476190476
2 0.8579695767195767 0.35267857142857145 0.04927248677248677 0.037698412698412696
2 0.7696759259259259 0.3566468253968254 0.03935185185185185 0.020833333333333332
2 0.8498677248677249 0.2952628968253968 0.03306878306878307 0.06671626984126984
2 0.933531746031746 0.1158234126984127 0.02976190476190476 0.013392857142857142
2 0.9609788359788359 0.2924107142857143 0.07804232804232804 0.1324404761904762
2 0.8890542328042328 0.20548115079365079 0.08630952380952381 0.035962301587301584
2 0.8831018518518519 0.5290178571428571 0.2337962962962963 0.08531746031746032
2 0.7752976190476191 0.31820436507936506 0.05257936507936508 0.014384920634920634
2 0.39616402116402116 0.11400545634920635 0.04409060846560847 0.01240079365079365
2 0.3774239417989418 0.14384920634920634 0.03571428571428571 0.009258432539682539
2 0.40288690476190475 0.2105654761904762 0.028439153439153438 0.02165922619047619
2 0.46583002645502647 0.28042410714285715 0.029540343915343915 0.02050347222222222
2 0.4470899470899471 0.2583506944444445 0.01631283068783069 0.011078869047619047
2 0.36574074074074076 0.15492807539682538 0.04585648148148148 0.012566964285714285
2 0.4417989417989418 0.11797371031746032 0.07407407407407407 0.02595982142857143
2 0.3305787037037037 0.2081671626984127 0.039460978835978835 0.01455109126984127