1 0.168875 0.17983333333333335 0.21475 0.297
1 0.77625 0.289 0.1885 0.2786666666666667
1 0.094 0.8495 0.151 0.30033333333333334
1 0.2035 0.46166666666666667 0.2045 0.3546666666666667
1 0.28825 0.20633333333333334 0.0785 0.12866666666666668
1 0.483 0.4725 0.1495 0.16233333333333333
1 0.28425 0.8061666666666667 0.0955 0.147
1 0.720625 0.5031666666666667 0.18425 0.153
1 0.42175 0.8965 0.066 0.109
1 0.506875 0.9095 0.12025 0.18033333333333335
1 0.466625 0.6723333333333333 0.11475 0.12133333333333333
1 0.29525 0.6298333333333334 0.0625 0.09366666666666666
1 0.571125 0.20633333333333334 0.11925 0.16533333333333333
1 0.64775 0.7655 0.173 0.4683333333333333
1 0.361375 0.33666666666666667 0.10625 0.122
1 0.9415 0.796 0.1165 0.29733333333333334
1 0.91125 0.39666666666666667 0.175 0.45