3 0.6557682291666667 0.48537109375 0.23071614583333333 0.0703515625
3 0.7209309895833332 0.423134765625 0.18904947916666667 0.077939453125
3 0.29181640625 0.4256884765625 0.23227213541666666 0.146669921875
3 0.33032552083333333 0.4796435546875 0.22395833333333334 0.1363427734375
3 0.4782421875 0.41013671875 0.0752734375 0.0605859375
6 0.4682486979166667 0.3461181640625 0.06009765625 0.046201171875
3 0.5866861979166667 0.5521337890625 0.09565104166666666 0.0390625
3 0.4837760416666667 0.5078125 0.05408854166666666 0.06009765625
3 0.5786783854166667 0.530537109375 0.052584635416666664 0.041689453125
6 0.5977083333333334 0.430625 0.060598958333333335 0.0634765625
3 0.24739583333333334 0.2815087890625 0.08513671875 0.14234375
3 0.3367903645833333 0.277001953125 0.10967447916666667 0.1476025390625
2 0.44145833333333334 0.1876123046875 0.0726171875 0.026669921875
2 0.31951171875 0.1678955078125 0.07611979166666667 0.029296875
2 0.21134114583333333 0.1397216796875 0.067109375 0.0322998046875
2 0.2313671875 0.046201171875 0.12720052083333333 0.0653564453125
3 0.8393424479166667 0.07662109375 0.223359375 0.11869140625
3 0.9031966145833333 0.1256396484375 0.12169270833333333 0.051455078125
3 0.92693359375 0.2240478515625 0.14613281250000001 0.0875146484375
3 0.5023046875 0.3494970703125 0.09615234375 0.0702392578125
6 0.5379947916666666 0.3022900390625 0.06983723958333334 0.0328466796875
3 0.38884765625 0.5775048828125 0.18583984374999998 0.07990234375
3 0.6258854166666666 0.58904296875 0.16986328125000003 0.048828125
3 0.463125 0.6385400390625 0.06096354166666667 0.0483837890625
3 0.58416015625 0.640537109375 0.054453125 0.038173828125
3 0.5350390625 0.7304248046875 0.15625 0.1513671875