3 0.4763997395833333 0.67138671875 0.20930989583333334 0.208984375
2 0.6470572916666667 0.4223046875 0.2814127604166667 0.1085205078125
3 0.2532552083333333 0.5374755859375 0.1357421875 0.18115234375
2 0.15400390625000002 0.2817822265625 0.22833984375000002 0.1996630859375
2 0.3613606770833333 0.248447265625 0.16317708333333333 0.14861328125
2 0.9001236979166666 0.2207470703125 0.19975260416666665 0.197177734375
2 0.48265625 0.4791796875 0.06451171875 0.0572607421875
2 0.36546875 0.537998046875 0.10357421875 0.0435009765625
2 0.39654296875 0.346015625 0.07575520833333334 0.05548828125
2 0.6294401041666667 0.3102783203125 0.18288411458333334 0.0825634765625
2 0.59392578125 0.089443359375 0.11541015625 0.0510498046875
2 0.4616471354166667 0.066806640625 0.09824869791666667 0.052822265625
2 0.5575260416666666 0.1389404296875 0.078125 0.0417236328125
2 0.3929947916666667 0.1194091796875 0.06155598958333333 0.0914404296875
2 0.6735351562499999 0.0590380859375 0.08049479166666666 0.0514892578125
2 0.1896875 0.167353515625 0.17815104166666665 0.169580078125
2 0.3296614583333333 0.049716796875 0.09943359375 0.0754638671875