6 0.5397591145833334 0.6960791015625 0.14034505208333334 0.111748046875
6 0.3235677083333333 0.5567626953125 0.23697916666666666 0.114990234375
6 0.6313606770833333 0.4024072265625 0.15766927083333335 0.1425439453125
6 0.8173828125 0.3975830078125 0.23372395833333334 0.220458984375
6 0.1474609375 0.2825927734375 0.22916666666666666 0.06884765625
2 0.20335286458333335 0.3797705078125 0.17663411458333333 0.145205078125
6 0.7942708333333334 0.226650390625 0.2746223958333333 0.183505859375
2 0.39755859374999997 0.40283203125 0.06856119791666666 0.0849609375
6 0.5944856770833333 0.4922509765625 0.07080078125 0.0433349609375
6 0.3565690104166667 0.2862060546875 0.09415364583333334 0.0751220703125
2 0.47651041666666666 0.3168212890625 0.06259765625000001 0.0589697265625
2 0.4580989583333333 0.55841796875 0.08049479166666666 0.0443896484375
2 0.2826106770833333 0.3584423828125 0.08700520833333332 0.04216796875
2 0.4693424479166666 0.3773095703125 0.10416666666666667 0.0941064453125
2 0.5930403645833333 0.3258154296875 0.13375651041666667 0.06037109375
6 0.601328125 0.259677734375 0.11363932291666667 0.0364013671875
2 0.36339843749999995 0.2314892578125 0.08522786458333333 0.0395068359375
2 0.7523893229166667 0.0379248046875 0.08637369791666666 0.0458984375