6 0.26645182291666664 0.5908203125 0.21176432291666666 0.115234375
2 0.13544921875000002 0.319248046875 0.2708919270833333 0.14337890625
2 0.32504557291666664 0.3927099609375 0.18004557291666667 0.069248046875
2 0.7434895833333334 0.389228515625 0.16536458333333334 0.1395166015625
2 0.3876953125 0.50177734375 0.048828125 0.0677392578125
6 0.47644531250000005 0.6065771484375 0.026041666666666668 0.025302734375
2 0.3092447916666667 0.31072265625 0.07753255208333333 0.087001953125
2 0.4137044270833334 0.4296875 0.050898437500000004 0.030185546875
2 0.4027604166666667 0.640537109375 0.06569661458333333 0.048828125
2 0.4231770833333333 0.6025830078125 0.03314453125 0.0306298828125
2 0.5448046875 0.5149169921875 0.13553385416666666 0.05681640625
2 0.5285286458333334 0.4987109375 0.06155598958333333 0.0776806640625
2 0.4506966145833333 0.5439892578125 0.034921875 0.0270751953125
2 0.4137044270833334 0.5417724609375 0.03551432291666667 0.023525390625
2 0.4583919270833334 0.48517578125 0.030182291666666666 0.0239697265625
2 0.5409570312499999 0.3477880859375 0.06510416666666667 0.05193359375
2 0.4950846354166667 0.2907470703125 0.082265625 0.039951171875
2 0.8288606770833334 0.1565576171875 0.21240234375 0.3131103515625
2 0.9479687499999999 0.078876953125 0.10406901041666666 0.096904296875
2 0.56064453125 0.12357421875 0.08463541666666667 0.090146484375
2 0.37985677083333336 0.23287109375 0.08063151041666666 0.0443212890625
2 0.37685546875000003 0.2045166015625 0.13171223958333333 0.0492041015625