3 0.4443359375 0.8570963541666666 0.134765625 0.2858072916666667
3 0.52587890625 0.6627604166666666 0.0908203125 0.061197916666666664
3 0.4302294921875 0.3338411458333333 0.1019970703125 0.22207682291666667
3 0.3559033203125 0.4014778645833333 0.078125 0.04485026041666667
3 0.399306640625 0.6206575520833334 0.078125 0.06510416666666667
3 0.5718310546875 0.6579166666666666 0.067275390625 0.11791015625000001
3 0.66189453125 0.7230208333333333 0.1215283203125 0.23654296875
3 0.326875 0.6503190104166666 0.0786669921875 0.1548046875
3 0.135634765625 0.66333984375 0.186630859375 0.29803385416666667
3 0.2080615234375 0.50853515625 0.06130859375 0.0376171875
3 0.287001953125 0.5501302083333334 0.0824658203125 0.09186848958333334
3 0.2495654296875 0.3989453125 0.0640185546875 0.051360677083333334
3 0.260146484375 0.25281901041666666 0.111220703125 0.20761067708333333
3 0.03689453125 0.5924479166666666 0.0455712890625 0.04774088541666666
3 0.36349609375 0.47417317708333334 0.0553369140625 0.10199869791666666
3 0.4391796875 0.5038346354166666 0.072158203125 0.06293619791666667
3 0.5314111328125 0.46260416666666665 0.072158203125 0.04991536458333334
3 0.6024853515625 0.41703124999999996 0.09494140625 0.19893229166666668
3 0.680068359375 0.4966015625 0.0580517578125 0.06582682291666667
3 0.6795263671875 0.5743619791666666 0.0493701171875 0.04774088541666666
3 0.731337890625 0.5877473958333334 0.04666015625 0.07884765625
3 0.737578125 0.47923828125 0.0439453125 0.09765625
3 0.816787109375 0.52517578125 0.13400390625 0.10272135416666667