6 0.083328125 0.5390625 0.16665625 0.1875
6 0.22743750000000001 0.8645781250000001 0.197921875 0.27082812500000003
6 0.541671875 0.8263906249999999 0.28125 0.21875
2 0.3975625 0.671 0.25346875 0.23090625
2 0.21181250000000001 0.400171875 0.15278125 0.24131249999999999
2 0.436625 0.44965625 0.157984375 0.138890625
2 0.189234375 0.083328125 0.3194375 0.16665625
2 0.7248281249999999 0.376734375 0.314234375 0.22917187499999997
6 0.75434375 0.18056250000000001 0.21354687499999997 0.1875
2 0.49126562500000004 0.049171875 0.09834375 0.09834375
2 0.29228125 0.248625 0.132359375 0.16084375