6 0.7021484375 0.449462890625 0.185546875 0.09814453125
2 0.8293164062499999 0.3621435546875 0.16080729166666666 0.08984375
2 0.51541015625 0.254990234375 0.09331380208333334 0.0531689453125
2 0.6170442708333334 0.36837890625 0.081015625 0.087890625
2 0.3501171875 0.2937841796875 0.11139973958333334 0.1274951171875
2 0.43656249999999996 0.2875439453125 0.07595703125 0.0629345703125
2 0.4342447916666667 0.4085302734375 0.10893880208333334 0.0748681640625
6 0.8634960937499999 0.2565087890625 0.08810546875000001 0.076171875
2 0.7443554687499999 0.21744140625 0.16580078125 0.1966064453125
6 0.9568164062500001 0.2350146484375 0.0863671875 0.1328125
2 0.9272981770833333 0.1002587890625 0.13845703125 0.03515625
2 0.6649283854166667 0.1085595703125 0.10503255208333334 0.0524072265625
2 0.7467447916666666 0.02978515625 0.07942708333333333 0.0595703125
2 0.923828125 0.01025390625 0.09852213541666667 0.0205078125
2 0.6312955729166666 0.1858740234375 0.05251953125 0.033203125
2 0.3899739583333333 0.16845703125 0.09591796875000001 0.0322265625
2 0.462890625 0.1941748046875 0.07421875 0.0621728515625
2 0.49067057291666666 0.1722021484375 0.03341796875 0.0247412109375
2 0.34809244791666666 0.11572265625 0.10590494791666666 0.0244140625
2 0.58224609375 0.1142578125 0.08810546875000001 0.0286474609375
2 0.27647786458333334 0.0431298828125 0.07552083333333333 0.086259765625
2 0.18380859375 0.1355810546875 0.09679036458333333 0.0354833984375
2 0.24609375 0.18310546875 0.08333333333333333 0.0270166015625
2 0.11219401041666667 0.2119140625 0.08810546875000001 0.01953125
2 0.21853515625 0.26513671875 0.055989583333333336 0.0192041015625
2 0.21853515625 0.2291650390625 0.03689453125 0.0221337890625
2 0.07009765625 0.2322607421875 0.14018880208333334 0.0231103515625
2 0.6401888020833334 0.6173486328125 0.06857421875 0.0491552734375
6 0.14369140625000001 0.3533056640625 0.03813151041666667 0.025810546875