6 0.25910937500000003 0.184890625 0.27604687499999997 0.1328125
2 0.56596875 0.419265625 0.232640625 0.17534375
2 0.22221875 0.462671875 0.267359375 0.140625
2 0.53515625 0.6829375 0.166671875 0.08984375
2 0.701171875 0.653 0.165359375 0.134109375
2 0.7890625 0.486984375 0.130203125 0.111984375
2 0.637375 0.06315625 0.26692187500000003 0.126296875
2 0.8307343749999999 0.27214062499999997 0.166671875 0.125
2 0.68359375 0.192703125 0.1875 0.109375
2 0.8287812499999999 0.8294218750000001 0.16015625 0.088546875
2 0.591796875 0.8411406250000001 0.178390625 0.130203125
2 0.752609375 0.9362031249999999 0.140625 0.127609375
2 0.060546875 0.852546875 0.12109375 0.166015625