3 0.7571614583333334 0.64697265625 0.1522265625 0.1279296875
3 0.7514192708333334 0.505947265625 0.21200520833333333 0.08123046875
3 0.5260416666666666 0.5840283203125 0.21223958333333334 0.0930419921875
3 0.6860807291666666 0.3561767578125 0.19353515624999998 0.0990771484375
3 0.6670247395833333 0.2240966796875 0.15956380208333334 0.0858935546875
3 0.54296875 0.4978271484375 0.09895833333333333 0.0552197265625
3 0.2811328125 0.448330078125 0.179921875 0.147373046875
3 0.3145703125 0.53466796875 0.22194661458333334 0.142490234375
3 0.5066276041666666 0.2607861328125 0.06747395833333333 0.0483837890625
3 0.394765625 0.3029541015625 0.07102213541666667 0.0599267578125
3 0.08404296875 0.176669921875 0.12666015625000002 0.0719091796875
3 0.36723958333333334 0.0854443359375 0.20298828125 0.1708837890625
3 0.34769531249999996 0.3584423828125 0.04202473958333333 0.0368408203125
3 0.466953125 0.3828564453125 0.09587890625 0.054599609375
3 0.4288020833333333 0.3919580078125 0.08936848958333334 0.03107421875
3 0.4566145833333333 0.437900390625 0.07516276041666667 0.06169921875
3 0.46875 0.3584423828125 0.04024739583333333 0.02619140625
3 0.5735091145833333 0.337802734375 0.078125 0.0710205078125
3 0.5098828125 0.520908203125 0.11304687499999999 0.04572265625
3 0.7161458333333334 0.411044921875 0.10416666666666667 0.0559326171875
3 0.6238151041666666 0.469638671875 0.052083333333333336 0.05859375
3 0.6522265625 0.6172314453125 0.0662890625 0.0501611328125
3 0.7078580729166667 0.5619677734375 0.050898437500000004 0.038173828125
3 0.6415690104166667 0.4465576171875 0.048535156249999996 0.079013671875
3 0.6415690104166667 0.1362744140625 0.08759765625 0.087001953125
3 0.6714583333333333 0.0443896484375 0.11659505208333333 0.0630322265625
3 0.7652669270833333 0.121181640625 0.07102213541666667 0.0754638671875
3 0.8839388020833333 0.191318359375 0.12843098958333335 0.0523779296875
3 0.7484049479166667 0.2219482421875 0.05267578125 0.0417236328125
3 0.4521809895833333 0.228603515625 0.05800130208333334 0.030185546875