2 0.7874140211640211 0.6386755952380953 0.2267559523809524 0.1498735119047619
2 0.8263888888888888 0.561703869047619 0.13841600529100528 0.13693948412698412
2 0.353505291005291 0.4654637896825397 0.1917989417989418 0.11098710317460317
2 0.30224867724867727 0.5752108134920635 0.26951058201058203 0.12462797619047619
2 0.2621527777777778 0.7649429563492064 0.2273478835978836 0.12462797619047619
2 0.5491071428571429 0.8787202380952381 0.18022486772486773 0.18353174603174602
2 0.5147156084656085 0.7635168650793651 0.09424603174603174 0.06076388888888889
2 0.4138558201058201 0.7348710317460317 0.06117724867724868 0.05952380952380952
2 0.5791997354497355 0.6887400793650794 0.09226190476190477 0.05505952380952381
2 0.6769179894179894 0.5027281746031746 0.07208994708994709 0.04811507936507937
2 0.6441798941798942 0.43898809523809523 0.047619047619047616 0.03968253968253968
2 0.4506812169312169 0.6319097222222223 0.04818452380952381 0.05845982142857143
2 0.45918320105820104 0.6653918650793651 0.07841931216931217 0.04818700396825397
2 0.5999636243386244 0.6274801587301587 0.06613756613756613 0.06590029761904762
2 0.5347685185185186 0.7100347222222223 0.06141203703703704 0.04039186507936508
2 0.9587103174603174 0.6825744047619048 0.0825760582010582 0.06058779761904762
2 0.5179993386243387 0.5020560515873016 0.07794642857142857 0.038973214285714285
2 0.5359490740740741 0.4719394841269841 0.047714947089947085 0.0559796626984127
2 0.5475231481481482 0.41773065476190474 0.049130291005291 0.04039186507936508
2 0.37840277777777775 0.3039955357142857 0.12093584656084655 0.14810019841269842
2 0.512800925925926 0.23082837301587303 0.12896825396825398 0.18671378968253968
2 0.3687169312169312 0.2051438492063492 0.06849867724867724 0.045352182539682546
2 0.43627314814814816 0.2481919642857143 0.06471891534391534 0.059169146825396826
2 0.32785383597883594 0.15430059523809522 0.1483366402116402 0.11019097222222222
2 0.4164318783068783 0.12896825396825398 0.031650132275132276 0.04251736111111111
2 0.44194113756613757 0.09141121031746031 0.057162698412698415 0.034722222222222224
2 0.43131283068783066 0.03808779761904762 0.11999338624338625 0.04641369047619047
2 0.484457671957672 0.03259672619047619 0.048657407407407406 0.06519345238095238
2 0.5668948412698412 0.08981646825396825 0.11148809523809523 0.07050843253968254
2 0.06154431216931217 0.03320684523809524 0.036375661375661374 0.02287202380952381
2 0.06650462962962964 0.10623263888888888 0.038214285714285715 0.03775297619047619
2 0.09727843915343916 0.04154265873015873 0.04574404761904762 0.02273561507936508
2 0.15680224867724868 0.06758432539682539 0.04739748677248678 0.023975694444444445
2 0.09741402116402116 0.10954117063492064 0.03499669312169312 0.032242063492063495
2 0.11670634920634922 0.18198164682539683 0.10444113756613756 0.0390625
2 0.17650462962962962 0.24812003968253968 0.1242824074074074 0.08370535714285714
2 0.23933531746031747 0.27509176587301587 0.11546626984126984 0.10375744047619048
2 0.11133267195767196 0.3317212301587302 0.1168419312169312 0.0909375
2 0.17960648148148148 0.015967261904761904 0.051669973544973546 0.025731646825396824
2 0.23520171957671956 0.03580853174603175 0.06696428571428571 0.054253472222222224
2 0.2614517195767196 0.10633680555555555 0.09300595238095238 0.04650297619047619
2 0.25793650793650796 0.16121031746031747 0.08680555555555555 0.05580357142857143
2 0.036375661375661374 0.3337375992063492 0.07275132275132275 0.035652281746031744
2 0.1825 0.3577628968253968 0.06076388888888889 0.0638640873015873
2 0.23251653439153439 0.40271577380952384 0.16575727513227514 0.042162698412698416
2 0.04774470899470899 0.24072916666666666 0.041749338624338626 0.012710813492063492
2 0.06345238095238095 0.2695634920634921 0.03926917989417989 0.010230654761904762
2 0.5551421957671958 0.31978670634920636 0.09424603174603174 0.030071924603174604
2 0.5053339947089948 0.36179315476190477 0.03513558201058201 0.044642857142857144
2 0.5146329365079365 0.4011656746031746 0.02976190476190476 0.030381944444444444
2 0.382771164021164 0.3993055555555556 0.03885582010582011 0.04650297619047619
2 0.46193121693121697 0.2954489087301587 0.028521825396825396 0.022321428571428572
2 0.32345568783068784 0.12695436507936508 0.06820436507936507 0.022011408730158732
2 0.5012003968253969 0.2869246031746032 0.03844246031746032 0.015190972222222222
2 0.6436011904761905 0.1278844246031746 0.04877645502645503 0.03751240079365079
2 0.6299603174603174 0.20368303571428573 0.06861772486772487 0.053323412698412696
2 0.5545238095238095 0.38287450396825395 0.04836309523809524 0.02418154761904762
2 0.4728835978835979 0.3672197420634921 0.04877645502645503 0.020771329365079364
2 0.5658895502645502 0.34427827380952386 0.04050925925925926 0.01953125
2 0.5350958994708995 0.33079117063492064 0.0425760582010582 0.03162202380952381
2 0.6729497354497355 0.357452876984127 0.07605820105820106 0.045262896825396824
2 0.6349206349206349 0.37435019841269845 0.033895502645502645 0.03193204365079365
2 0.7661640211640212 0.35419890873015875 0.08721891534391535 0.025111607142857144
2 0.8283730158730159 0.33513144841269843 0.033895502645502645 0.015500992063492064
2 0.6287202380952381 0.08308531746031746 0.06283068783068783 0.035962301587301584
2 0.7208994708994709 0.1487996031746032 0.07275132275132275 0.20025049603174602
2 0.7562433862433863 0.018601190476190476 0.03926917989417989 0.03720238095238095
2 0.8558201058201058 0.3851686507936508 0.10052910052910052 0.08283730158730158
2 0.9417989417989417 0.36706349206349204 0.047619047619047616 0.04365079365079365
2 0.9004629629629629 0.3169642857142857 0.06944444444444445 0.037698412698412696
2 0.9011243386243386 0.08531746031746032 0.08531746031746032 0.10218253968253968
2 0.935515873015873 0.21006944444444445 0.06812169312169312 0.04513888888888889
2 0.9636970899470899 0.2879737103174603 0.0726058201058201 0.03913194444444444
2 0.9833564814814815 0.34157242063492066 0.03328703703703704 0.04436755952380952
2 0.9235383597883599 0.446703869047619 0.056951058201058204 0.03141617063492064
2 0.4642857142857143 0.8717757936507936 0.09259259259259259 0.07390873015873016
2 0.35615079365079366 0.8439980158730159 0.09193121693121693 0.06299603174603174
2 0.4350396825396825 0.35397321428571427 0.04409060846560847 0.02562748015873016
2 0.4552480158730159 0.3355109126984127 0.026455026455026454 0.01570684523809524
2 0.3095601851851852 0.3295858134920635 0.0459292328042328 0.03858134920634921
2 0.26840939153439153 0.21398313492063492 0.05474867724867725 0.016259920634920634
2 0.17967261904761905 0.20171875 0.03968253968253968 0.01763640873015873