6 0.251734375 0.16493750000000001 0.27778125 0.28471875
6 0.49503125 0.28693749999999996 0.1661875 0.25851562499999997
2 0.68303125 0.7115 0.205359375 0.322546875
2 0.4765625 0.8465468749999999 0.196421875 0.26228125
2 0.9012343749999999 0.580359375 0.177453125 0.234375
2 0.646765625 0.43079687499999997 0.197546875 0.392859375
2 0.17634375 0.676890625 0.12053125 0.083703125
2 0.8588125 0.181359375 0.282359375 0.123890625
2 0.20368750000000002 0.305796875 0.353796875 0.25446875
2 0.09040625 0.083703125 0.180796875 0.12053125
2 0.098765625 0.953125 0.170765625 0.09375
2 0.329796875 0.73046875 0.24889062499999998 0.123890625