3 0.4342447916666667 0.579833984375 0.12369791666666667 0.11181640625
3 0.6214192708333334 0.454833984375 0.19205729166666666 0.06689453125
3 0.5162760416666666 0.51611328125 0.07161458333333333 0.0390625
3 0.4192708333333333 0.5078125 0.07161458333333333 0.0361328125
3 0.3499348958333333 0.454345703125 0.17252604166666666 0.05029296875
3 0.3141276041666667 0.35546875 0.173828125 0.0751953125
3 0.298828125 0.295166015625 0.16536458333333334 0.07763671875
3 0.6901041666666666 0.381591796875 0.171875 0.10205078125
3 0.5478515625 0.402587890625 0.059244791666666664 0.05908203125
3 0.4938151041666667 0.376953125 0.038411458333333336 0.029296875
3 0.5699869791666666 0.312255859375 0.060546875 0.05712890625
3 0.4245703125 0.3960302734375 0.051152343749999996 0.05615234375
3 0.4620052083333333 0.4296875 0.038600260416666664 0.0460400390625
3 0.5257161458333334 0.489677734375 0.05440755208333333 0.0299951171875
3 0.5875651041666666 0.391845703125 0.042317708333333336 0.0289501953125
3 0.4429427083333333 0.3053515625 0.052545572916666665 0.0505712890625
3 0.5187434895833333 0.28826171875 0.05440755208333333 0.0456884765625
3 0.6512760416666666 0.2753564453125 0.15671223958333333 0.093818359375
3 0.49060546875000005 0.2275732421875 0.06510416666666667 0.0568505859375
3 0.6391861979166666 0.2153662109375 0.08602864583333332 0.0275537109375
3 0.5603580729166667 0.2457080078125 0.040924479166666666 0.0177880859375
3 0.303671875 0.11474609375 0.06788411458333334 0.0753369140625
3 0.8982031250000001 0.23193359375 0.15020182291666667 0.0509228515625
3 0.80798828125 0.194267578125 0.038600260416666664 0.0369677734375
3 0.7752018229166667 0.150146484375 0.056731770833333334 0.025458984375
3 0.9086653645833334 0.1211962890625 0.05859375 0.030341796875
3 0.9538671875000001 0.113349609375 0.09225911458333334 0.066962890625
3 0.82240234375 0.074462890625 0.09719401041666666 0.09521484375
3 0.6919661458333333 0.1016650390625 0.08091796875 0.0540576171875
3 0.7096354166666666 0.1998486328125 0.0437109375 0.032783203125