6 0.330078125 0.38184375 0.22265625 0.298828125
6 0.7890625 0.6435625 0.30078125 0.263671875
6 0.689453125 0.09082812500000001 0.1328125 0.146484375
6 0.1463125 0.78834375 0.15909374999999998 0.29259375
6 0.512078125 0.82596875 0.248578125 0.1775625
2 0.37429687500000003 0.102265625 0.20596874999999998 0.11364062500000001
2 0.134234375 0.10510937499999999 0.1775625 0.10795312500000001
2 0.568890625 0.34304687500000003 0.248578125 0.132109375
2 0.9517031250000001 0.329546875 0.09659375 0.21590625000000002
2 0.8203125 0.38849999999999996 0.151984375 0.11221874999999999
2 0.493609375 0.558234375 0.279828125 0.167609375