3 0.4754231770833333 0.76654296875 0.12825520833333334 0.1417236328125
3 0.6497395833333334 0.6361669921875 0.1953125 0.1063232421875
3 0.7482096354166666 0.517333984375 0.24186197916666666 0.12451171875
3 0.77587890625 0.3938623046875 0.24446614583333334 0.1009521484375
3 0.4095052083333333 0.63134765625 0.16764322916666666 0.083984375
3 0.35555338541666665 0.519775390625 0.21110026041666666 0.09619140625
3 0.3133138020833333 0.446962890625 0.18229166666666666 0.0911865234375
3 0.4205729166666667 0.3109765625 0.10514322916666667 0.0509033203125
3 0.4715690104166667 0.4599560546875 0.047311197916666665 0.0579296875
3 0.5737825520833334 0.4249560546875 0.058157552083333335 0.0693359375
3 0.5694466145833333 0.5491552734375 0.06423828125 0.0651025390625
3 0.45138671875 0.5703125 0.043404947916666665 0.05859375
3 0.53732421875 0.6873388671875 0.06857421875 0.0485009765625
3 0.45291015625 0.6813134765625 0.053385416666666664 0.037109375
3 0.4830729166666667 0.423828125 0.07117838541666667 0.0358056640625
3 0.5729166666666666 0.42431640625 0.0625 0.0712890625
3 0.5477408854166667 0.3318701171875 0.052083333333333336 0.0582666015625
3 0.6037174479166666 0.2965478515625 0.089375 0.037109375
3 0.5359895833333334 0.6476220703125 0.0546875 0.0354833984375
3 0.4120768229166667 0.2386083984375 0.07421875 0.0807275390625
3 0.59328125 0.1490869140625 0.12326171875000001 0.1334619140625
3 0.17404296875 0.20361328125 0.06770833333333333 0.0582666015625
3 0.14290364583333334 0.321533203125 0.14388020833333334 0.19384765625
3 0.3203125 0.041259765625 0.1171875 0.08251953125
3 0.24869791666666666 0.167236328125 0.07552083333333333 0.04248046875
3 0.2503255208333333 0.271728515625 0.051432291666666664 0.05517578125
3 0.3129622395833333 0.2021142578125 0.07719401041666667 0.04150390625
3 0.3643489583333333 0.1457861328125 0.08231119791666668 0.0348779296875
3 0.3876041666666667 0.1712451171875 0.11951171875 0.0418505859375
3 0.5385026041666666 0.2071728515625 0.062311197916666665 0.050224609375
3 0.61306640625 0.0127490234375 0.0962109375 0.025498046875
3 0.8185026041666666 0.123427734375 0.07884765625 0.0341796875
3 0.5721940104166666 0.0409619140625 0.06076171875 0.0287548828125
3 0.6575520833333334 0.0434033203125 0.04485026041666667 0.02712890625