10 0.21037037037037037 0.779296875 0.03851851851851852 0.03515625
10 0.061481481481481484 0.927734375 0.028148148148148148 0.05859375
10 0.06592592592592593 0.8837890625 0.03111111111111111 0.044921875
10 0.1259259259259259 0.86328125 0.02962962962962963 0.0703125
10 0.23851851851851852 0.9169921875 0.047407407407407405 0.041015625
10 0.2777777777777778 0.7023046875 0.028148148148148148 0.0703125
10 0.31555555555555553 0.6886328125 0.03851851851851852 0.060546875
10 0.3548148148148148 0.7023046875 0.057777777777777775 0.04296875
10 0.302962962962963 0.9501953125 0.054814814814814816 0.052734375
10 0.15777777777777777 0.7587890625 0.03111111111111111 0.025390625
10 0.08228148148148148 0.671875 0.08456296296296296 0.109375
10 0.21555555555555556 0.6875 0.025185185185185185 0.03125
10 0.09333333333333334 0.919921875 0.035555555555555556 0.0625
10 0.38721481481481484 0.820234375 0.04185185185185185 0.07666015625
10 0.3562370370370371 0.74609375 0.04580740740740741 0.078125
10 0.30314074074074077 0.77734375 0.046296296296296294 0.046875
10 0.2903703703703704 0.861328125 0.06222222222222222 0.0546875
10 0.16518518518518518 0.80859375 0.028148148148148148 0.0625
10 0.7670370370370371 0.88671875 0.18395555555555557 0.15625
10 0.7385185185185185 0.73046875 0.23555555555555555 0.15625
10 0.052592592592592594 0.2314453125 0.04888888888888889 0.048828125
10 0.19555555555555557 0.4189453125 0.06518518518518518 0.087890625
10 0.2 0.21875 0.035555555555555556 0.03515625
10 0.2725925925925926 0.263671875 0.03851851851851852 0.04296875
10 0.3540740740740741 0.1552734375 0.06518518518518518 0.076171875
10 0.0437037037037037 0.34375 0.037037037037037035 0.1015625
10 0.2992592592592593 0.2255859375 0.047407407407407405 0.041015625
10 0.34444444444444444 0.302734375 0.06666666666666667 0.05859375
10 0.2822222222222222 0.384765625 0.04296296296296296 0.078125
10 0.2651851851851852 0.3076171875 0.03851851851851852 0.041015625
10 0.23925925925925925 0.2236328125 0.04 0.029296875
10 0.12962962962962962 0.328125 0.057777777777777775 0.078125
10 0.07407407407407407 0.1826171875 0.06814814814814815 0.099609375
10 0.14814814814814814 0.18294921875 0.05333333333333334 0.083984375
10 0.3718518518518519 0.4013671875 0.06814814814814815 0.072265625
10 0.10647407407407408 0.7918359375 0.0784 0.05697265625
10 0.1487703703703704 0.43333984375 0.05802962962962963 0.08056640625