4 0.577 0.5626666666666666 0.11 0.2613333333333333
4 0.669 0.7373333333333333 0.178 0.14133333333333334
4 0.282 0.41733333333333333 0.144 0.3333333333333333
4 0.373 0.5573333333333333 0.102 0.256
4 0.452 0.2866666666666667 0.132 0.25333333333333335
4 0.53 0.12266666666666666 0.132 0.10666666666666667
4 0.496 0.45466666666666666 0.132 0.248
2 0.4205 0.7593333333333333 0.217 0.17466666666666666
4 0.9205 0.7126666666666667 0.159 0.43333333333333335
4 0.802 0.4146666666666667 0.172 0.14133333333333334
4 0.695 0.5826666666666667 0.198 0.25866666666666666
2 0.175 0.8526666666666667 0.128 0.25733333333333336
2 0.372 0.048666666666666664 0.138 0.084