4 0.34166015625 0.7037760416666666 0.179951171875 0.17317708333333334
4 0.528232421875 0.826171875 0.112041015625 0.15494791666666666
4 0.601962890625 0.7253255208333332 0.1220703125 0.39666666666666667
4 0.62939453125 0.6875 0.1005859375 0.20833333333333334
4 0.20458984375 0.27752604166666667 0.1494140625 0.12274739583333333
4 0.121005859375 0.3702604166666667 0.13298828125 0.12665364583333333
4 0.13134765625 0.7239583333333334 0.1337890625 0.3359375
4 0.46076171875 0.4166666666666667 0.223720703125 0.179921875
4 0.796337890625 0.7244270833333334 0.111865234375 0.132578125
4 0.700458984375 0.8948828125 0.088779296875 0.16571614583333333
4 0.80388671875 0.9409375 0.160693359375 0.11813802083333334