2 0.07083333333333333 0.36253934942287513 0.12166666666666667 0.2025183630640084
2 0.7541666666666667 0.832109129066107 0.10833333333333334 0.1385099685204617
2 0.28708333333333336 0.7368625393494229 0.12416666666666666 0.2179748163693599
2 0.30541666666666667 0.29643231899265476 0.12083333333333333 0.2633788037775446
2 0.36 0.41028331584470096 0.16166666666666665 0.316894018887723
2 0.6583333333333333 0.1838719832109129 0.14 0.08137460650577125
2 0.7134333333333334 0.5349108079748164 0.30070833333333336 0.2311332633788038
2 0.6801916666666666 0.6585939139559286 0.2587083333333333 0.21539349422875131
2 0.6245833333333334 0.8726547743966422 0.24083333333333334 0.20941238195173137
4 0.4579166666666667 0.7072402938090241 0.17916666666666667 0.2938090241343127
2 0.61195 0.35534102833158443 0.07638333333333333 0.05246589716684155
2 0.46874166666666667 0.49651626442812175 0.20665833333333333 0.1593074501573977