4 0.10209166666666668 0.7672888888888888 0.14414166666666667 0.4353111111111111
4 0.09430833333333334 0.2790111111111111 0.18695 0.4224666666666667
4 0.7654166666666666 0.10444444444444445 0.11083333333333334 0.18666666666666668
4 0.9208333333333333 0.5277777777777778 0.15833333333333333 0.5222222222222223
4 0.72375 0.4481444444444444 0.25916666666666666 0.2637
4 0.44166666666666665 0.7685777777777778 0.36333333333333334 0.2384
4 0.4766666666666667 0.40345555555555557 0.36 0.34419999999999995
2 0.36132499999999995 0.5672888888888888 0.207175 0.15185555555555555
2 0.14748333333333333 0.4839555555555556 0.13505 0.15802222222222223
4 0.9460000000000001 0.1796333333333333 0.108 0.35925555555555555
2 0.683125 0.22098888888888887 0.17854166666666665 0.12345555555555555
2 0.25165000000000004 0.35555555555555557 0.08226666666666667 0.10123333333333333