5 0.128375 0.41433333333333333 0.11925000000000001 0.22965277777777776
5 0.18177083333333333 0.4528611111111111 0.06207291666666667 0.1862777777777778
5 0.6395833333333333 0.34444444444444444 0.08125 0.24166666666666667
5 0.7799375000000001 0.4951388888888889 0.17970833333333333 0.16527777777777777
5 0.8270833333333333 0.6328055555555555 0.11041666666666666 0.1093888888888889
5 0.7446354166666667 0.6241388888888889 0.10594791666666666 0.11005555555555555
5 0.6896458333333333 0.5444027777777778 0.05711458333333333 0.11936111111111111
5 0.2792291666666667 0.36433333333333334 0.07904166666666666 0.042569444444444444
5 0.38333333333333336 0.3645833333333333 0.06875 0.07083333333333333
5 0.396875 0.43333333333333335 0.027083333333333334 0.08333333333333333
5 0.3489583333333333 0.468875 0.075 0.04052777777777778
5 0.3067708333333333 0.6416666666666667 0.057291666666666664 0.1388888888888889
5 0.24895833333333334 0.5791666666666667 0.1125 0.2638888888888889
5 0.36302083333333335 0.5715277777777777 0.09270833333333334 0.12083333333333333
5 0.46296875 0.4406111111111111 0.09039583333333333 0.09558333333333333
5 0.5744791666666667 0.4791666666666667 0.07395833333333333 0.13055555555555556