6 0.47219531249999996 0.17276946879834967 0.177359375 0.31975244971634864
6 0.6079453125 0.4486848891181021 0.265953125 0.18050541516245489
6 0.6586796875 0.27333677153171737 0.2846796875 0.23207839092315627
6 0.16563671875 0.7258896338318721 0.0881015625 0.17792676637441981
6 0.09238671875 0.5260443527591542 0.12868359375 0.17534811758638474
6 0.2710546875 0.3597215059308922 0.243828125 0.1933986591026302
6 0.4077890625 0.5195977307890666 0.185828125 0.17276946879834967
6 0.1441640625 0.07993811242908716 0.23649218749999998 0.15987622485817432
2 0.8773085937499999 0.6137184115523465 0.2453828125 0.3661681279009799
2 0.69796484375 0.6072717895822589 0.141328125 0.26817947395564723
2 0.5266093749999999 0.9325683341928829 0.15603515625 0.13486333161423414
2 0.65744921875 0.9067818463125322 0.12474218749999999 0.18643630737493552
2 0.78095703125 0.9345023207839093 0.16082421875 0.13099535843218155
2 0.2278203125 0.8693914388860238 0.134625 0.26121712222795257
2 0.44875390625 0.6936565239814337 0.23985937499999999 0.19597730789066528