1 0.500625 0.2575 0.28875 0.3016666666666667
1 0.513125 0.5941666666666666 0.18125 0.375
1 0.264375 0.6858333333333333 0.20375 0.24833333333333332
1 0.804375 0.8033333333333333 0.33875 0.30333333333333334
1 0.863125 0.6083333333333333 0.27375 0.23
1 0.73875 0.3575 0.17 0.285
1 0.8889125 0.3722166666666667 0.22216249999999998 0.45554999999999995
1 0.49011249999999995 0.8263833333333334 0.27875 0.3472166666666667
1 0.206875 0.4725 0.19375 0.18833333333333332
1 0.10875 0.12833333333333333 0.2175 0.25666666666666665
1 0.3675 0.07666666666666666 0.3225 0.15333333333333332
1 0.09375 0.7833333333333333 0.1875 0.43333333333333335
1 0.1125 0.37916666666666665 0.13 0.13166666666666665