8 0.331875 0.15188470066518847 0.14875 0.20343680709534367
8 0.56883125 0.08647450110864745 0.11921875 0.1729490022172949
8 0.8146875 0.4556541019955654 0.0828125 0.22394678492239467
8 0.794375 0.1901330376940133 0.2525 0.3802660753880266
8 0.5846875 0.6092017738359202 0.124375 0.21175166297117518
8 0.45125 0.5163525498891353 0.17875 0.3697339246119734
8 0.4371875 0.8086141906873614 0.150625 0.19429046563192906
8 0.5328125 0.7136917960088692 0.065625 0.17738359201773837
8 0.26015625 0.5855099778270509 0.134375 0.16491130820399114
8 0.8762000000000001 0.4315188470066519 0.06586249999999999 0.21660753880266076
8 0.76923125 0.7922616407982261 0.04326875 0.24731707317073173
8 0.25553125 0.858780487804878 0.1783625 0.2746008869179601