1 0.36 0.5226586102719033 0.12444444444444444 0.283987915407855
1 0.675 0.22240181268882173 0.20777777777777778 0.2937311178247734
1 0.5585333333333333 0.08534743202416918 0.17827777777777776 0.16767371601208458
1 0.34555555555555556 0.07854984894259819 0.1711111111111111 0.1540785498489426
1 0.19444444444444445 0.49395770392749244 0.2288888888888889 0.2688821752265861
1 0.17 0.7809667673716012 0.08666666666666667 0.28700906344410876
1 0.2922222222222222 0.8564954682779456 0.14444444444444443 0.27794561933534745
1 0.7155555555555555 0.9342900302114804 0.17777777777777778 0.13141993957703926
1 0.8238888888888889 0.8889728096676737 0.2877777777777778 0.12235649546827794
1 0.7955555555555556 0.7182779456193353 0.14222222222222222 0.24018126888217523
1 0.49898888888888887 0.6440483383685801 0.23434444444444444 0.1620392749244713
1 0.7702 0.4902567975830816 0.0798 0.2526737160120846
1 0.4818222222222222 0.23413897280966767 0.14747777777777776 0.23756797583081574
1 0.5853555555555556 0.760785498489426 0.10605555555555556 0.25542296072507553