1 0.22111111111111112 0.30291773778920306 0.07777777777777778 0.10710796915167095
1 0.09888888888888889 0.3309768637532134 0.10444444444444445 0.05784061696658098
1 0.5333333333333333 0.3609640102827763 0.08666666666666667 0.15895886889460153
1 0.4311111111111111 0.38196658097686376 0.06666666666666667 0.11353470437017994
1 0.3746333333333334 0.2866323907455013 0.11814444444444444 0.08226221079691516
1 0.31444444444444447 0.2358611825192802 0.06 0.04755784061696658
1 0.28944444444444445 0.29562982005141386 0.05444444444444444 0.10796915167095116
1 0.23 0.2358611825192802 0.08888888888888889 0.04498714652956298
1 0.21333333333333335 0.18187660668380462 0.07555555555555556 0.05784061696658098
1 0.6833333333333333 0.39203084832904883 0.06666666666666667 0.16195372750642673
1 0.7411111111111112 0.44794344473007713 0.06666666666666667 0.15295629820051415
1 0.6433333333333333 0.3097686375321337 0.08666666666666667 0.10282776349614396
1 0.8111111111111111 0.5511953727506427 0.06444444444444444 0.12210796915167095
1 0.84 0.6188946015424165 0.04666666666666667 0.16323907455012854
1 0.7679666666666666 0.3723264781491003 0.1048111111111111 0.14309768637532133
1 0.5164777777777778 0.6773264781491003 0.10703333333333333 0.0958611825192802
1 0.6491666666666667 0.5852056555269923 0.08092222222222221 0.07786632390745502
1 0.6372222222222222 0.6974035989717224 0.10944444444444444 0.14652956298200515
1 0.8282444444444444 0.37515424164524425 0.07407777777777778 0.0958611825192802
1 0.9497666666666666 0.2688560411311054 0.04583333333333333 0.12532133676092544
1 0.8287 0.449331619537275 0.0537 0.12425449871465295
1 0.8743111111111111 0.5821593830334191 0.0412 0.10604113110539845
1 0.5784666666666667 0.31651670951156813 0.060644444444444445 0.13602827763496145
1 0.6064777777777778 0.2541259640102828 0.09074444444444445 0.09051413881748072
1 0.5004666666666667 0.19895886889460154 0.10833333333333334 0.053020565552699225
1 0.5872666666666666 0.8196786632390746 0.07546666666666667 0.1558483290488432
1 0.5069444444444444 0.8587660668380462 0.06574444444444445 0.09372750642673522
1 0.45578888888888885 0.9045629820051414 0.05508888888888889 0.10497429305912596
1 0.2421333333333333 0.36016709511568124 0.0537 0.1429948586118252
1 0.33773333333333333 0.34249357326478147 0.09675555555555555 0.06587403598971722
1 0.17615555555555554 0.36444730077120824 0.06157777777777778 0.10658097686375322
1 0.2905111111111111 0.5269922879177378 0.043977777777777775 0.08676092544987146
1 0.3402777777777778 0.5117223650385604 0.06481111111111111 0.12264781491002572
1 0.29583333333333334 0.8046786632390746 0.10185555555555556 0.08087403598971722
1 0.2303222222222222 0.8496658097686375 0.060644444444444445 0.1365681233933162
1 0.12337777777777778 0.8194087403598972 0.04583333333333333 0.11032133676092545
1 0.26874444444444445 0.7358611825192802 0.08008888888888889 0.05141388174807198
1 0.2900444444444445 0.652853470437018 0.06897777777777778 0.08461439588688946
1 0.10393333333333334 0.39203084832904883 0.06897777777777778 0.10176092544987146
1 0.14537777777777777 0.2798329048843188 0.09352222222222223 0.05195372750642674
1 0.07061111111111111 0.7366580976863754 0.08842222222222222 0.05838046272493574
1 0.07292222222222222 0.8196786632390746 0.0763888888888889 0.1290745501285347
1 0.24097777777777776 0.9479434447300771 0.05602222222222222 0.09746786632390746
1 0.5673666666666667 0.5671593830334191 0.0875 0.07926735218508997
1 0.5819444444444445 0.49592544987146525 0.05555555555555555 0.08569408740359898
1 0.4620333333333333 0.15611825192802056 0.05 0.07658097686375322
1 0.3974555555555555 0.15772493573264781 0.04861111111111111 0.1055012853470437