10 0.0685251798561151 0.8144637053087758 0.13633093525179857 0.19772481040086673
10 0.5744604316546763 0.24404117009750811 0.13093525179856116 0.2323943661971831
10 0.5947841726618706 0.6852654387865655 0.06654676258992806 0.12892741061755147
10 0.8980215827338129 0.7543336944745396 0.17446043165467626 0.15113759479956662
10 0.7636690647482014 0.48456121343445285 0.1446043165467626 0.14788732394366197
10 0.3920863309352518 0.5473997833152763 0.07553956834532374 0.22914409534127844
10 0.29424460431654675 0.48049837486457203 0.14676258992805755 0.22535211267605634
10 0.4156474820143885 0.4111592632719393 0.1356115107913669 0.19826652221018418
10 0.4435251798561151 0.2757313109425785 0.12589928057553956 0.21668472372697725
10 0.2992805755395683 0.6327193932827736 0.1251798561151079 0.13867822318526543
10 0.3446043165467626 0.7258938244853738 0.1381294964028777 0.13434452871072589
10 0.41294964028776976 0.789815817984832 0.07050359712230216 0.1560130010834236
10 0.7330935251798562 0.39111592632719394 0.13381294964028778 0.27302275189599134
10 0.6543165467625899 0.4962080173347779 0.05107913669064748 0.14517876489707476
10 0.7014388489208633 0.9111592632719393 0.0920863309352518 0.17768147345612134
10 0.7751798561151079 0.8320693391115926 0.1302158273381295 0.1495124593716143
10 0.7431654676258993 0.7462080173347779 0.10503597122302158 0.1782231852654388
10 0.516546762589928 0.5276273022751896 0.07194244604316546 0.10400866738894908
10 0.4784172661870504 0.18580715059588299 0.08057553956834532 0.2611050920910076
10 0.5446043165467626 0.6652221018418202 0.08201438848920864 0.0866738894907909
10 0.6276978417266187 0.9198266522210184 0.06546762589928058 0.16034669555796316