10 0.3975694444444444 0.35353535353535354 0.125 0.12121212121212122
10 0.12152777777777778 0.3787878787878788 0.13194444444444445 0.12121212121212122
10 0.3645833333333333 0.5265151515151515 0.125 0.16414141414141414
10 0.10590277777777778 0.7058080808080808 0.08680555555555555 0.1388888888888889
10 0.078125 0.5808080808080808 0.1284722222222222 0.14646464646464646
10 0.2170138888888889 0.7474747474747475 0.12152777777777778 0.1919191919191919
10 0.3697916666666667 0.7083333333333334 0.13541666666666666 0.1691919191919192
10 0.4097222222222222 0.8888888888888888 0.1284722222222222 0.1919191919191919
10 0.8836805555555556 0.44696969696969696 0.08680555555555555 0.17676767676767677
10 0.9149305555555556 0.22727272727272727 0.0798611111111111 0.18181818181818182
10 0.7864583333333334 0.1148989898989899 0.08680555555555555 0.1590909090909091
10 0.6493055555555556 0.24242424242424243 0.16666666666666666 0.31313131313131315
10 0.10416666666666667 0.1893939393939394 0.11805555555555555 0.14646464646464646
10 0.17881944444444445 0.10353535353535354 0.10069444444444445 0.18686868686868688
10 0.24305555555555555 0.18686868686868688 0.09722222222222222 0.1111111111111111
10 0.49593750000000003 0.7272727272727273 0.09836805555555556 0.1414141414141414