10 0.5446708463949843 0.8413361169102297 0.10188087774294671 0.06263048016701461
10 0.19905956112852666 0.6837160751565762 0.16927899686520376 0.15657620041753653
10 0.6551724137931034 0.8883089770354906 0.10658307210031348 0.081419624217119
10 0.4286833855799373 0.8319415448851775 0.04231974921630094 0.08559498956158663
10 0.20376175548589343 0.8596868475991649 0.06583072100313479 0.10348643006263047
10 0.29231974921630094 0.7588726513569938 0.03918495297805643 0.07724425887265135
10 0.21551724137931033 0.7713987473903967 0.061128526645768025 0.09812108559498957
10 0.25783699059561127 0.8580375782881002 0.054858934169279 0.10855949895615867
10 0.27037617554858934 0.5918580375782881 0.11755485893416928 0.12734864300626306
10 0.24059561128526646 0.43200417536534447 0.0987460815047022 0.06651356993736952
10 0.29904388714733543 0.31941544885177453 0.07904388714733543 0.1419624217118998
10 0.20924764890282133 0.3068893528183716 0.10188087774294671 0.1127348643006263
10 0.3785266457680251 0.535490605427975 0.07053291536050156 0.07306889352818371
10 0.48510971786833856 0.5709812108559499 0.07366771159874608 0.07724425887265135
10 0.3981191222570533 0.6283924843423799 0.05642633228840126 0.12526096033402923
10 0.4991065830721003 0.3914405010438413 0.04523510971786834 0.081419624217119
10 0.45454545454545453 0.3977035490605428 0.04075235109717868 0.060542797494780795
10 0.4560031347962383 0.34745302713987475 0.0629153605015674 0.09423799582463466
10 0.609717868338558 0.41275574112734864 0.05956112852664577 0.1282463465553236
10 0.6865203761755486 0.39784968684759914 0.07523510971786834 0.12705636743215032
10 0.7539184952978056 0.4102296450939457 0.10031347962382445 0.08559498956158663
10 0.8168338557993731 0.651356993736952 0.07568965517241379 0.1544885177453027
10 0.6374764890282132 0.731294363256785 0.11822884012539187 0.10855949895615867
10 0.6590909090909091 0.5688935281837161 0.09247648902821316 0.09812108559498957
10 0.7522413793103448 0.5260960334029228 0.09112852664576802 0.14613778705636743
10 0.5329153605015674 0.48538622129436326 0.06717868338557993 0.055177453027139875
10 0.7002978056426332 0.8268684759916493 0.057100313479623827 0.06411273486430062