10 0.15203761755485892 0.662839248434238 0.07523510971786834 0.05636743215031315
10 0.44905956112852663 0.837160751565762 0.02664576802507837 0.06263048016701461
10 0.5736677115987461 0.8643006263048016 0.050156739811912224 0.09603340292275574
10 0.39733542319749215 0.7933194154488518 0.061128526645768025 0.07515657620041753
10 0.797601880877743 0.7690605427974948 0.05995297805642633 0.04150313152400835
10 0.35266457680250785 0.7181628392484343 0.05642633228840126 0.07933194154488518
10 0.6340125391849529 0.7995824634655533 0.045454545454545456 0.10438413361169102
10 0.7053291536050157 0.7713987473903967 0.04075235109717868 0.1022964509394572
10 0.3875862068965517 0.48643006263048016 0.029090909090909087 0.05845511482254697
10 0.4263322884012539 0.48851774530271397 0.03761755485893417 0.05845511482254697
10 0.47335423197492166 0.5052192066805845 0.034482758620689655 0.05010438413361169
10 0.518025078369906 0.5271398747390397 0.04231974921630094 0.04801670146137787
10 0.4702194357366771 0.6743215031315241 0.034482758620689655 0.09603340292275574
10 0.5164576802507836 0.7254697286012526 0.05799373040752351 0.05219206680584551
10 0.5752351097178683 0.5636743215031316 0.07210031347962383 0.054279749478079335