6 0.2752562225475842 0.5026041666666666 0.2518301610541728 0.5677083333333334
6 0.5010541727672035 0.5533854166666666 0.21311127379209371 0.4673046875
6 0.5490483162518301 0.23292968749999998 0.12363836017569545 0.16493489583333334
6 0.6828550512445095 0.33852864583333336 0.2773718887262079 0.6770572916666667
6 0.721896046852123 0.8913541666666666 0.20579062957540264 0.21730468749999998
6 0.8418594436310396 0.16420572916666668 0.11548316251830161 0.31973958333333335
6 0.8918740849194728 0.3819401041666666 0.11143484626647145 0.17071614583333336
6 0.8560834553440704 0.6004036458333334 0.11306002928257687 0.32985677083333337
6 0.948177159590044 0.6329557291666666 0.10365300146412884 0.27921875
6 0.0858125915080527 0.192421875 0.07727672035139092 0.12442708333333334
6 0.41931185944363103 0.9121874999999999 0.03497803806734993 0.10272135416666667