6 0.3968374816983895 0.4600651041666666 0.14702049780380674 0.14540364583333334
6 0.7186456808199121 0.28102864583333337 0.07930453879941435 0.1410546875
6 0.23116398243045386 0.17928385416666667 0.0737701317715959 0.13821614583333333
6 0.3094363103953148 0.12920572916666667 0.07151537335285504 0.10617187500000001
6 0.1773865300146413 0.6124479166666666 0.10924597364568081 0.35550781249999996
6 0.09234992679355784 0.6690104166666666 0.06194729136163983 0.13821614583333333
6 0.2446778916544656 0.5077473958333333 0.027591508052708637 0.05408854166666666
6 0.3806734992679356 0.36108072916666667 0.034912152269399706 0.067109375
6 0.4315885797950219 0.8463541666666666 0.09845534407027819 0.1983203125
6 0.5199560761346999 0.8841145833333334 0.10079795021961932 0.23177083333333334
6 0.5427598828696925 0.45472656250000004 0.08897510980966325 0.11819010416666666
6 0.526705710102489 0.3175130208333333 0.04561493411420205 0.07411458333333333
6 0.48250366032210834 0.19381510416666667 0.0912298682284041 0.08914062499999999
6 0.5777672035139092 0.546875 0.05293557833089312 0.14623697916666667
2 0.40489019033674967 0.6260026041666666 0.08446559297218155 0.17627604166666666
6 0.6954612005856515 0.6870963541666667 0.045051244509516836 0.078125
6 0.7185505124450952 0.4557291666666667 0.049553440702781844 0.10617187500000001
6 0.8086530014641288 0.29997395833333335 0.06870424597364568 0.09716145833333334
6 0.7115080527086384 0.07662760416666667 0.050117130307467055 0.08713541666666667
6 0.646185944363104 0.11768229166666666 0.08502928257686677 0.10115885416666666
6 0.522298682284041 0.08864583333333333 0.06025622254758419 0.12920572916666667
2 0.9710541727672035 0.5002994791666667 0.05789165446559297 0.11117187499999999