6 0.0722913616398243 0.3011067708333333 0.11530014641288433 0.11610677083333333
6 0.22205710102489018 0.254453125 0.08052708638360176 0.0922265625
6 0.17691800878477304 0.34125 0.08296486090775988 0.11393229166666667
6 0.08479502196193264 0.5099869791666667 0.0634480234260615 0.1128515625
6 0.13603953147877015 0.4579036458333334 0.04758418740849195 0.12587239583333334
6 0.18118594436310395 0.4767057291666667 0.08337481698389458 0.12442708333333334
6 0.2527672035139092 0.5146875 0.049209370424597366 0.14540364583333334
6 0.048191800878477305 0.7613541666666667 0.0963909224011713 0.08463541666666667
6 0.06749633967789166 0.8890364583333333 0.0642606149341142 0.14611979166666667
6 0.1201683748169839 0.8619010416666667 0.05490483162518302 0.07305989583333333
6 0.2490922401171303 0.784140625 0.09150805270863836 0.10850260416666667
6 0.19845534407027818 0.680703125 0.049619326500732065 0.10127604166666666
6 0.25539531478770133 0.8890364583333333 0.09191800878477306 0.0766796875
6 0.13256954612005856 0.9510286458333334 0.06751098096632503 0.09794270833333334
6 0.13502196193265006 0.12587239583333334 0.06669838945827233 0.05497395833333333
6 0.2761493411420205 0.16638020833333333 0.07158125915080527 0.078125
6 0.2940483162518302 0.30200520833333333 0.07727672035139092 0.08319010416666667
6 0.2737115666178624 0.3909895833333333 0.08215226939970717 0.10923177083333334
6 0.31865300146412884 0.523359375 0.058155197657393846 0.14395833333333333
6 0.3642020497803807 0.9139843750000001 0.05490483162518302 0.133828125
6 0.34427525622254757 0.7920963541666667 0.035380673499267934 0.06076822916666667
6 0.3054319180087848 0.6825130208333333 0.055314787701317716 0.18011718750000003
6 0.3800658857979502 0.28393229166666667 0.0630380673499268 0.1381640625
6 0.3239385065885798 0.22678385416666666 0.0532796486090776 0.0933203125
6 0.3739604685212299 0.12296875 0.056530014641288436 0.05641927083333333
6 0.39755490483162514 0.5852083333333333 0.07279648609077599 0.18518229166666667
6 0.381281112737921 0.8159765625 0.08174963396778917 0.078125
6 0.4264275256222548 0.9380078125 0.06547584187408492 0.123984375
6 0.4699414348462665 0.8908463541666666 0.03945095168374817 0.10778645833333333
6 0.39918008784773057 0.4575390625 0.0321303074670571 0.07161458333333333
6 0.46546852122986826 0.18011718750000003 0.0841874084919473 0.0737890625
6 0.437818448023426 0.3598828125 0.028060029282576865 0.07161458333333333
6 0.5850439238653001 0.46622395833333335 0.05897510980966325 0.1410546875
6 0.47685944363103955 0.5230078125000001 0.05897510980966325 0.12296875
6 0.5555563689604686 0.7425520833333333 0.049619326500732065 0.15118489583333333
6 0.5683674963396779 0.6372916666666667 0.03619326500732064 0.114296875
6 0.599882869692533 0.6087239583333334 0.05612737920937043 0.06872395833333333
6 0.6698389458272328 0.44451822916666667 0.06019033674963397 0.12658854166666667
6 0.6574377745241581 0.05389322916666667 0.07767935578330894 0.1019921875
6 0.607818448023426 0.05352864583333333 0.022371888726207906 0.10705729166666667
6 0.721493411420205 0.5946223958333333 0.05612737920937043 0.13889322916666666
6 0.6588579795021962 0.625 0.053682284040995606 0.09548177083333333
6 0.7501610541727672 0.5002213541666667 0.05165446559297218 0.08029947916666667
6 0.7416251830161054 0.7067447916666666 0.054092240117130305 0.1128515625
6 0.7351171303074671 0.7866796875 0.05083455344070278 0.0933203125
6 0.7326720351390923 0.24595052083333332 0.06629575402635432 0.08970052083333334
6 0.9008491947291362 0.4691145833333333 0.06019033674963397 0.08319010416666667
6 0.8620058565153733 0.453203125 0.017489019033674964 0.055703125
2 0.8160468521229869 0.14540364583333334 0.06466325036603221 0.06944010416666667
2 0.7709077598828696 0.08427083333333334 0.02969253294289898 0.06727864583333333
6 0.43832357247437775 0.13265625 0.03934846266471449 0.07486979166666667