6 0.17726207906295752 0.1701953125 0.1129502196193265 0.12091145833333333
6 0.32864568081991213 0.10091145833333333 0.07268667642752563 0.11067708333333333
6 0.30354319180087846 0.20740885416666666 0.08628111273792094 0.12091145833333333
6 0.27609077598828696 0.20368489583333335 0.06693265007320645 0.1953125
6 0.19765739385065886 0.4096875 0.05856515373352855 0.12183593749999999
6 0.30851390922401173 0.35528645833333333 0.07948023426061493 0.1320703125
6 0.24602489019033674 0.35248697916666666 0.05072474377745242 0.13579427083333334
6 0.415710102489019 0.16462239583333335 0.08784773060029283 0.10044270833333334
6 0.3791068814055637 0.39666666666666667 0.04810395314787701 0.15532552083333334
6 0.46172035139092243 0.42364583333333333 0.06274524158125915 0.15717447916666666
6 0.16759150805270864 0.6598828125 0.09255490483162519 0.09207031249999999
6 0.19243045387994145 0.7877604166666666 0.06170571010248902 0.146953125
6 0.2449780380673499 0.7663671875000001 0.04758418740849195 0.07998697916666667
6 0.2781844802342606 0.9338671875000001 0.055424597364568076 0.13225260416666665
6 0.3720424597364568 0.7198697916666666 0.06745241581259151 0.1413671875
6 0.39374816983894584 0.7928776041666666 0.08366764275256224 0.06975260416666666
6 0.32838213762811125 0.5812890625 0.05333821376281113 0.10416666666666667
6 0.37857979502196193 0.025572916666666667 0.059612005856515375 0.05115885416666666
6 0.4452489019033675 0.08045572916666667 0.05281112737920937 0.10881510416666666
6 0.41178623718887264 0.2799479166666667 0.08732796486090777 0.10975260416666667
6 0.478814055636896 0.6803385416666666 0.03889458272327965 0.06998697916666667
6 0.5010102489019034 0.8166536458333334 0.05490483162518302 0.13591145833333332
6 0.5696412884333821 0.8622265625000001 0.06771595900439238 0.20100260416666668
6 0.6110468521229868 0.7694531250000001 0.034311859443631035 0.10660156250000001
6 0.5684919472913617 0.4658984375 0.07366764275256223 0.240078125
6 0.5058125915080528 0.31453125 0.07824304538799413 0.09033854166666666
6 0.515190336749634 0.15259114583333333 0.06771595900439238 0.1668359375
6 0.5874816983894583 0.21729166666666666 0.05948023426061493 0.09928385416666667
6 0.6975183016105417 0.6176822916666667 0.056281112737920934 0.16438802083333334
6 0.6279721815519765 0.029296875 0.06816983894582723 0.05859375
6 0.6691508052708638 0.20141927083333333 0.035234260614934114 0.06266927083333333
6 0.7288653001464129 0.3173828125 0.07503660322108345 0.17253906249999998
6 0.7483089311859444 0.47485677083333333 0.04254758418740849 0.0675390625
6 0.7075841874084919 0.5061848958333334 0.039809663250366036 0.1171875
6 0.7734699853587115 0.2880859375 0.08464860907759883 0.18880208333333334
6 0.806185944363104 0.22380208333333332 0.0951683748169839 0.2783203125
6 0.7961200585651538 0.4911328125 0.05948023426061493 0.09847656249999999
6 0.8732137628111274 0.6388411458333333 0.05170571010248901 0.13346354166666666
6 0.8693265007320644 0.4280598958333333 0.05215959004392386 0.08951822916666667
6 0.8901464128843338 0.3515625 0.04987554904831625 0.08463541666666667
2 0.9516837481698389 0.44393229166666665 0.06039531478770132 0.064296875