6 0.0797584187408492 0.03837239583333333 0.04931918008784773 0.07675781250000001
6 0.2425475841874085 0.9251692708333333 0.039685212298682285 0.03015625
6 0.11057833089311861 0.21963541666666667 0.060878477306002925 0.0883984375
6 0.1132796486090776 0.12403645833333334 0.0269692532942899 0.052083333333333336
6 0.29243777452415814 0.9385286458333333 0.040073206442166914 0.0555078125
6 0.41169106881405565 0.9457942708333333 0.07744509516837482 0.10841145833333334
6 0.4388506588579795 0.8782161458333334 0.0940117130307467 0.0883984375
6 0.2618081991215227 0.6753645833333333 0.058953147877013175 0.04865885416666666
6 0.5733235724743777 0.9351041666666666 0.030827232796486092 0.06235677083333333
6 0.5394143484626648 0.8192838541666667 0.028513909224011716 0.04729166666666667
6 0.6239897510980966 0.9789583333333334 0.016566617862371888 0.03494791666666667
6 0.5846852122986822 0.8429296875 0.06665446559297218 0.06579427083333333
6 0.6037628111273792 0.7593229166666666 0.06704245973645681 0.141171875
6 0.7014348462664715 0.944765625 0.042767203513909224 0.11046875
6 0.7378404099560761 0.8898697916666666 0.05856515373352855 0.07881510416666666
6 0.7463177159590044 0.8086588541666666 0.06241581259150806 0.06989583333333334
6 0.7765666178623719 0.6417838541666666 0.068199121522694 0.056875
6 0.8220278184480235 0.7425260416666667 0.024275256222547583 0.08703125
6 0.23715226939970716 0.22717447916666667 0.044311859443631044 0.102109375
6 0.3737408491947291 0.5941666666666666 0.040073206442166914 0.08497395833333334