6 0.4189385065885798 0.3841145833333333 0.11379941434846266 0.24739583333333334
6 0.3580453879941435 0.8487239583333334 0.16371888726207906 0.22016927083333335
6 0.5061200585651537 0.6001432291666667 0.1910029282576867 0.24147135416666665
6 0.4728477306002928 0.07989583333333333 0.0725402635431918 0.1361328125
6 0.2958199121522694 0.16749999999999998 0.10049048316251831 0.08877604166666668
6 0.5237554904831625 0.8694401041666667 0.15173499267935578 0.1834765625
6 0.6581918008784773 0.9592838541666667 0.07986090775988287 0.08144531249999999
6 0.7500366032210835 0.86765625 0.07320644216691069 0.1207421875
6 0.7350585651537336 0.5640364583333334 0.052576866764275254 0.0816796875
6 0.0389311859443631 0.1834765625 0.0778623718887262 0.15625
6 0.2003221083455344 0.14796875 0.11180819912152269 0.15388020833333335
6 0.1567276720351391 0.5557552083333334 0.1390922401171303 0.18110677083333335
6 0.043923865300146414 0.8712109375 0.08784773060029283 0.17045572916666665
6 0.11945827232796487 0.6747135416666666 0.08718155197657394 0.20596354166666667
6 0.036932650073206445 0.5675911458333334 0.07387262079062958 0.12428385416666667
6 0.8056002928257687 0.7102213541666668 0.14841142020497802 0.17045572916666665
6 0.8621742313323573 0.5048567708333334 0.09383601756954613 0.26634114583333335
6 0.9728477306002928 0.8374739583333333 0.054304538799414354 0.17873697916666667
6 0.7101024890190337 0.2769921875 0.12511713030746704 0.15151041666666668
6 0.6458784773060029 0.34446614583333335 0.052576866764275254 0.06865885416666666