6 0.4789238653001464 0.6966145833333334 0.07705710102489019 0.12541666666666665
6 0.6187847730600293 0.7826171875 0.054714494875549045 0.0603125
6 0.6259150805270863 0.9066666666666667 0.055871156661786235 0.12061197916666666
6 0.6128184480234261 0.9762890624999999 0.06125915080527087 0.047421875
6 0.3960175695461201 0.518828125 0.04026354319180088 0.052083333333333336
6 0.5132869692532943 0.5218359375 0.036603221083455345 0.11518229166666666
6 0.5850878477306003 0.4890364583333333 0.029282576866764276 0.06860677083333333
6 0.5579209370424597 0.35707031250000004 0.025058565153733527 0.037057291666666665
6 0.5445461200585652 0.3858723958333334 0.016896046852122985 0.026536458333333332
6 0.5497510980966326 0.5952083333333333 0.03350658857979502 0.08864583333333333
6 0.7333308931185945 0.9482161458333334 0.0498389458272328 0.10356770833333334
6 0.6957393850658858 0.9492578125 0.03773060029282577 0.05154947916666667
6 0.6626573938506589 0.5063151041666667 0.028440702781844802 0.07411458333333333
6 0.6471742313323572 0.09815104166666666 0.059407027818448026 0.08513020833333333
6 0.8337115666178623 0.8000260416666666 0.046742313323572475 0.18078125
6 0.7523352855051245 0.48852864583333333 0.061383601756954606 0.14173177083333333
6 0.7851390922401171 0.455234375 0.02731332357247438 0.03005208333333333
6 0.8310322108345535 0.46347656249999997 0.06222547584187409 0.140703125
6 0.8452489019033674 0.35907552083333333 0.14358711566617863 0.26242187499999997