6 0.29448755490483164 0.3568880208333333 0.1510688140556369 0.19057291666666668
6 0.45454612005856515 0.42376302083333334 0.133103953147877 0.210703125
6 0.41527818448023424 0.7315364583333334 0.13177159590043924 0.1444140625
6 0.24158125915080528 0.7421875 0.14641288433382138 0.15151041666666668
6 0.3151171303074671 0.9190364583333334 0.10182284040995608 0.16192708333333333
6 0.21496339677891654 0.5687760416666666 0.06921669106881405 0.171640625
6 0.12178623718887263 0.6031119791666667 0.16637628111273792 0.43919270833333335
6 0.5956588579795021 0.2803776041666667 0.0746705710102489 0.15451822916666666
6 0.6483674963396778 0.4461848958333334 0.07955344070278185 0.11805989583333333
6 0.6664202049780381 0.4396744791666667 0.08345534407027819 0.1050390625
6 0.6571522693997072 0.7599869791666666 0.10005124450951683 0.1206640625
6 0.6520278184480234 0.9110286458333333 0.09858711566617862 0.17795572916666666
6 0.7081478770131772 0.7061588541666667 0.08882137628111274 0.22135416666666666
6 0.6988799414348462 0.5381901041666667 0.0946778916544656 0.11458333333333333
6 0.7885139092240117 0.8782161458333334 0.052789165446559295 0.20079427083333334
6 0.8027672035139092 0.7233463541666666 0.0874597364568082 0.11444010416666667
6 0.7834992679355783 0.5907291666666666 0.05201317715959004 0.06852864583333333
6 0.8441874084919474 0.5348828125 0.05625183016105417 0.09251302083333333
6 0.6798535871156661 0.35190104166666664 0.06665446559297218 0.08154947916666667
6 0.9326134699853588 0.7833072916666667 0.07128111273792094 0.10553385416666666
6 0.9553440702781845 0.6469270833333333 0.05509516837481699 0.12197916666666668