6 0.2179575402635432 0.44921875 0.2069765739385066 0.3799739583333333
6 0.23559297218155198 0.06451822916666666 0.1557320644216691 0.1290234375
6 0.4498901903367496 0.1538671875 0.1450805270863836 0.26276041666666666
6 0.34174231332357247 0.42022135416666667 0.0725402635431918 0.18229166666666666
6 0.4625329428989751 0.7984114583333333 0.05856515373352855 0.2592317708333333
6 0.6458784773060029 0.7735546875 0.07120790629575402 0.15032552083333334
6 0.6312371888726208 0.5048567708333334 0.05789897510980967 0.1171875
2 0.8415446559297218 0.5350390625 0.1231185944363104 0.15151041666666668
2 0.6944655929721816 0.6084244791666666 0.09915812591508052 0.25567708333333333
2 0.5630234260614935 0.7362630208333334 0.0612298682284041 0.1988671875
2 0.47718155197657397 0.5078125 0.1450658857979502 0.17045572916666665
2 0.513792093704246 0.2681119791666667 0.09716691068814055 0.2616015625
2 0.6026354319180088 0.43915364583333333 0.09383601756954613 0.11126302083333334
6 0.7044582723279649 0.38292968749999995 0.05656661786237189 0.06984375
2 0.9671888726207907 0.7877604166666666 0.06562225475841874 0.25213541666666667
2 0.0555710102489019 0.5539713541666667 0.1111420204978038 0.4829557291666667