2 0.7746193265007322 0.4166666666666667 0.09059297218155198 0.2734375
2 0.4817935578330893 0.2058984375 0.11438506588579796 0.2522786458333333
2 0.6538286969253294 0.15625 0.14183748169838944 0.16276041666666666
6 0.4630307467057101 0.40772135416666666 0.19948755490483164 0.2815755208333333
6 0.6103587115666179 0.7975260416666666 0.11896046852122986 0.19856770833333334
2 0.056281112737920934 0.11312499999999999 0.11255490483162518 0.22623697916666666
6 0.06039531478770132 0.1766015625 0.05856515373352855 0.060221354166666664
2 0.3898243045387994 0.107421875 0.1445827232796486 0.21484375
2 0.7804904831625183 0.164765625 0.13627379209370424 0.14723958333333334
2 0.8756588579795023 0.20282552083333336 0.05293557833089312 0.09114583333333333
2 0.8956515373352856 0.388125 0.1435944363103953 0.22936197916666667