6 0.056471449487554906 0.4622395833333333 0.09202781844802342 0.1804296875
6 0.48264275256222544 0.7691536458333333 0.18719619326500733 0.4036458333333333
6 0.055424597364568076 0.732890625 0.09830893118594436 0.13393229166666668
6 0.16157393850658858 0.7161458333333334 0.0993484626647145 0.1748567708333333
6 0.0345095168374817 0.8915494791666667 0.0690263543191801 0.17225260416666666
6 0.3239385065885798 0.8235677083333334 0.09273060029282577 0.23871093750000003
6 0.29709370424597364 0.19313802083333334 0.0951683748169839 0.16276041666666666
6 0.17478038067349927 0.3635026041666667 0.11773792093704247 0.1519140625
6 0.5356295754026354 0.4649479166666666 0.11346998535871157 0.17470052083333332
6 0.6762445095168375 0.30979166666666663 0.10065885797950219 0.17252604166666666
6 0.9563177159590044 0.3917057291666666 0.08735724743777452 0.3059895833333333
6 0.8708491947291361 0.7980729166666666 0.06893850658857979 0.21158854166666666
6 0.9401537335285505 0.7584635416666666 0.11969253294289897 0.1519140625
6 0.8092386530014641 0.9351171875 0.10675695461200586 0.12977864583333334
6 0.44899707174231335 0.4730859375 0.11103221083455343 0.25173177083333337