6 0.400805270863836 0.6058723958333333 0.07412152269399708 0.1570703125
6 0.5501903367496339 0.4231770833333333 0.048045387994143485 0.09602864583333333
6 0.464407027818448 0.6001822916666667 0.0832723279648609 0.13591145833333332
6 0.6021229868228404 0.6551171875 0.08144216691068815 0.20182291666666666
6 0.6968301610541727 0.5887890625 0.08691800878477306 0.1375390625
6 0.649692532942899 0.36661458333333335 0.0841874084919473 0.13916666666666666
6 0.5819765739385065 0.48868489583333335 0.0613103953147877 0.10173177083333333
6 0.6654758418740849 0.786953125 0.07275256222547584 0.2685546875
6 0.6235871156661786 0.7629036458333333 0.048579795021961934 0.11244791666666666
6 0.4994655929721815 0.5406640625 0.0891800878477306 0.2337890625
6 0.4570497803806735 0.3018489583333333 0.12276720351390921 0.37286458333333333
6 0.3505783308931186 0.33587239583333334 0.07087847730600293 0.22549479166666667
6 0.3826939970717423 0.8809765625 0.08451683748169839 0.1958984375
6 0.3294289897510981 0.8750651041666666 0.031947291361639825 0.1059375
6 0.28217423133235725 0.7643619791666666 0.07054172767203513 0.23611979166666666
6 0.20997071742313322 0.5172786458333333 0.08451683748169839 0.140859375
6 0.2645387994143485 0.24738281250000002 0.09117862371888726 0.299453125