6 0.45095168374816985 0.3880208333333333 0.2635431918008785 0.265625
6 0.5510834553440702 0.5714713541666666 0.1065592972181552 0.14756510416666666
6 0.5710102489019033 0.16709635416666668 0.13665446559297217 0.23582031250000002
6 0.5738579795021962 0.8848437499999999 0.2236896046852123 0.23032552083333332
6 0.8268008784773061 0.24161458333333333 0.18133235724743776 0.18807291666666667
6 0.9534480234260616 0.17651041666666667 0.0931112737920937 0.17360677083333334
6 0.9579209370424597 0.6206640625000001 0.08416544655929721 0.3211848958333333
6 0.8812664714494876 0.7161458333333334 0.06913616398243046 0.231484375
6 0.9333235724743778 0.7125260416666667 0.12120058565153734 0.23292968749999998
2 0.6303294289897511 0.38264322916666665 0.10086383601756954 0.1981640625
6 0.6539238653001465 0.9730859375 0.09109809663250366 0.05381510416666666