6 0.4675256222547584 0.4752604166666667 0.06455344070278185 0.20951822916666665
6 0.42892386530014637 0.8072916666666666 0.16571010248901905 0.19412760416666666
2 0.5780014641288433 0.6285416666666667 0.0778623718887262 0.32904947916666666
2 0.7064421669106882 0.4065755208333333 0.13110541727672034 0.15269531249999999
2 0.4492240117130307 0.25332031250000003 0.04658857979502196 0.0662890625
2 0.43092240117130304 0.32196614583333333 0.05124450951683748 0.06865885416666666
6 0.5543704245973645 0.22549479166666667 0.13443631039531478 0.19057291666666668
2 0.8625036603221083 0.7167317708333334 0.09183748169838946 0.2710677083333333
2 0.8625036603221083 0.47703125 0.14109077598828695 0.15388020833333335
2 0.5683455344070278 0.3580729166666667 0.0612298682284041 0.14559895833333333
2 0.439904831625183 0.5214192708333333 0.14242313323572475 0.2710677083333333