2 0.5984626647144948 0.701171875 0.07540263543191801 0.11588541666666667
2 0.6658125915080527 0.5403645833333334 0.11346998535871157 0.16927083333333334
2 0.6456808199121523 0.3333333333333333 0.05124450951683748 0.171875
2 0.29142020497803806 0.33252604166666666 0.0782723279648609 0.10216145833333333
2 0.3927818448023426 0.44371093749999996 0.07264275256222548 0.128203125
2 0.4288213762811127 0.3485546875 0.06025622254758419 0.08813802083333333
2 0.4482503660322108 0.4447135416666667 0.024780380673499268 0.09014322916666667
2 0.22159590043923866 0.162265625 0.03996339677891655 0.15625
2 0.2244216691068814 0.36157552083333333 0.05237188872620791 0.09815104166666666
2 0.2134407027818448 0.2959765625 0.06870424597364568 0.07111979166666667
6 0.15909956076134701 0.23537760416666667 0.07151537335285504 0.13020833333333334
6 0.4063103953147877 0.5613932291666667 0.05800146412884334 0.1091796875
6 0.5786310395314788 0.3856119791666666 0.0951683748169839 0.1141796875
2 0.5403367496339678 0.20182291666666666 0.03773060029282577 0.07712239583333333
2 0.5225988286969253 0.2814453125 0.02815519765739385 0.09014322916666667
2 0.4893704245973646 0.6670703124999999 0.07658857979502197 0.18028645833333334
6 0.4651610541727672 0.5218359375 0.030409956076134698 0.10015625
6 0.6988433382137628 0.44221354166666665 0.07320644216691069 0.14924479166666668