6 0.31711566617862375 0.18317708333333335 0.06388726207906295 0.09055989583333333
6 0.2728623718887262 0.24118489583333333 0.04325768667642753 0.12606770833333333
6 0.25805270863836016 0.94875 0.06489019033674963 0.05563802083333333
6 0.33874816983894585 0.6454166666666666 0.07587115666178623 0.06333333333333334
6 0.4457247437774524 0.06036458333333333 0.0449194729136164 0.048528645833333335
6 0.5365666178623719 0.361328125 0.06422401171303074 0.199453125
6 0.4983016105417276 0.7152604166666667 0.05091508052708638 0.16513020833333333
6 0.46885065885797955 0.5282291666666666 0.053243045387994146 0.10475260416666667
6 0.5360688140556369 0.4906510416666667 0.0612298682284041 0.062734375
6 0.48415812591508056 0.9150130208333334 0.04192532942898975 0.04615885416666667
6 0.5041288433382137 0.877421875 0.021961932650073207 0.06333333333333334
6 0.5593631039531479 0.8351171875 0.07520497803806735 0.11483072916666666
6 0.5545387994143485 0.6258854166666666 0.018967789165446558 0.047942708333333334
6 0.5957979502196193 0.63625 0.040929721815519765 0.1207421875
6 0.5828257686676428 0.45928385416666667 0.05690336749633968 0.1953125
6 0.6646778916544657 0.4284895833333333 0.09017569546120059 0.25092447916666666
6 0.6437188872620792 0.6865494791666666 0.05157393850658858 0.132578125
6 0.6763250366032211 0.6539973958333333 0.06555636896046851 0.19768229166666665
6 0.6282430453879941 0.6022135416666666 0.03460468521229868 0.049127604166666665
6 0.723081991215227 0.5723307291666667 0.03726939970717423 0.0745703125
6 0.8009443631039531 0.5542708333333334 0.08851390922401171 0.08345052083333333
6 0.7415446559297219 0.6318098958333334 0.05423865300146413 0.06924479166666667
6 0.7427159590043924 0.7670442708333334 0.08185944363103953 0.13848958333333333
6 0.7911273792093705 0.8974348958333334 0.05623718887262079 0.2051432291666667
6 0.7558565153733529 0.8844661458333333 0.03560761346998536 0.11186197916666667
6 0.8355490483162518 0.7705989583333334 0.07453879941434846 0.1373046875
6 0.8959443631039531 0.1819921875 0.05357247437774525 0.06569010416666667
6 0.8267349926793557 0.26515625 0.09350658857979502 0.0591796875
6 0.9483528550512446 0.3074739583333333 0.04924597364568082 0.16631510416666667
6 0.5453879941434846 0.7643880208333332 0.04791361639824305 0.0941015625
6 0.12544655929721815 0.9466796875 0.027284040995607616 0.06096354166666667
6 0.21146412884333823 0.7981119791666668 0.052906295754026354 0.07753906249999999
6 0.4234333821376281 0.7859895833333334 0.0888433382137628 0.0745703125
6 0.5217642752562226 0.2420703125 0.0831918008784773 0.06391927083333333