6 0.5128550512445095 0.3059895833333333 0.0951683748169839 0.18662760416666668
6 0.07477306002928258 0.25018229166666667 0.0826207906295754 0.12462239583333333
6 0.08863103953147876 0.3948046875 0.07268667642752563 0.13671875
6 0.013594436310395315 0.4427083333333333 0.02718887262079063 0.10602864583333334
6 0.033462664714494876 0.3882942708333333 0.04183016105417277 0.14415364583333332
6 0.019612005856515374 0.2334505208333333 0.03921669106881406 0.107890625
6 0.15216691068814056 0.14509114583333335 0.1087628111273792 0.07626302083333333
6 0.18928989751098096 0.2008984375 0.04810395314787701 0.10044270833333334
6 0.15661054172767205 0.3190104166666667 0.10300878477306004 0.1171875
6 0.12314055636896047 0.7449739583333334 0.08104685212298682 0.13020833333333334
6 0.024055636896046853 0.9148046875000001 0.04810395314787701 0.17039062500000002
6 0.1553001464128843 0.8221744791666666 0.07425329428989752 0.07626302083333333
6 0.15399707174231334 0.4338671875 0.05908491947291361 0.1423046875
6 0.24602489019033674 0.5138541666666666 0.06117862371888726 0.21298177083333333
6 0.2648535871156662 0.8389192708333333 0.05490483162518302 0.14322916666666666
6 0.32838213762811125 0.890625 0.07634699853587117 0.2001432291666667
6 0.46564421669106887 0.6370963541666667 0.056998535871156664 0.1711328125
6 0.4935944363103953 0.5147916666666666 0.04178623718887262 0.12928385416666668
6 0.5390629575402636 0.4766536458333333 0.07215959004392386 0.08091145833333334
6 0.4360541727672035 0.3106380208333333 0.06693265007320645 0.15625
6 0.4831112737920937 0.165546875 0.06693265007320645 0.13950520833333332
6 0.6875256222547584 0.04743489583333333 0.06371156661786237 0.09486979166666666
6 0.5895241581259151 0.03953125 0.06222547584187409 0.07904947916666667
6 0.5963250366032211 0.28087239583333334 0.07059297218155199 0.14881510416666668
6 0.6724084919472914 0.4673567708333333 0.06693265007320645 0.17950520833333336
6 0.6088726207906296 0.5105989583333334 0.026669106881405565 0.09114583333333333
6 0.6982869692532943 0.5905859375 0.07477306002928258 0.12834635416666665
6 0.766515373352855 0.5850130208333334 0.06062957540263543 0.1748567708333333
6 0.7351244509516837 0.3292447916666667 0.06693265007320645 0.10044270833333334
6 0.7466325036603221 0.3924869791666667 0.04287701317715959 0.08184895833333333
6 0.9617496339677891 0.30328125 0.07625915080527086 0.1508203125
6 0.928199121522694 0.4687369791666667 0.08967789165446559 0.19744791666666664
6 0.8452269399707174 0.18279947916666664 0.06039531478770132 0.08138020833333333
6 0.9001317715959004 0.7481510416666667 0.06283308931185944 0.1616796875
6 0.7988653001464129 0.6429036458333334 0.04209370424597365 0.19639322916666668
6 0.38616398243045386 0.791015625 0.052467057101024894 0.11067708333333333