6 0.22937774524158125 0.6040234375 0.04717423133235724 0.18084635416666664
6 0.3017715959004393 0.4781510416666667 0.042298682284040996 0.09403645833333334
6 0.5166691068814055 0.03756510416666667 0.1300805270863836 0.0751171875
6 0.4620424597364568 0.13671875 0.08502928257686677 0.16325520833333332
6 0.5710102489019033 0.3069921875 0.08221815519765739 0.13921875
6 0.3716617862371889 0.625 0.060819912152269395 0.12619791666666666
6 0.38123718887262076 0.7742447916666667 0.06644948755490483 0.10216145833333333
6 0.5870278184480234 0.5061848958333334 0.037518301610541725 0.13346354166666666
6 0.6821961932650074 0.6058723958333333 0.13634699853587115 0.17009114583333332
6 0.7961200585651538 0.439453125 0.09699853587115666 0.12369791666666667
6 0.8871742313323573 0.474453125 0.06863103953147877 0.166015625
6 0.8400439238653001 0.5794270833333334 0.09242313323572475 0.23274739583333334
6 0.6780746705710102 0.11475260416666666 0.11621522693997072 0.1318359375
2 0.3875402635431918 0.48421875 0.0722913616398243 0.15625
2 0.5005490483162518 0.34708333333333335 0.0613103953147877 0.07731770833333333
2 0.5490483162518301 0.42520833333333335 0.056734992679355785 0.09359374999999999
2 0.38776720351390925 0.23274739583333334 0.03889458272327965 0.1416015625
2 0.3980600292825769 0.6815625000000001 0.08235724743777452 0.18311197916666666
2 0.4303147877013177 0.39102864583333335 0.04530014641288434 0.09522135416666666
2 0.43672035139092236 0.5415885416666667 0.048960468521229865 0.11149739583333333
2 0.45479502196193267 0.6567447916666667 0.031112737920937043 0.12532552083333334
2 0.15144948755490484 0.12126302083333333 0.0558199121522694 0.21484375
2 0.1029502196193265 0.1513671875 0.05856515373352855 0.2555338541666667
2 0.26949487554904833 0.08463541666666667 0.08784773060029283 0.16927083333333334
2 0.6966032210834553 0.39510416666666665 0.0809882869692533 0.08057291666666667
2 0.5877086383601756 0.6819661458333334 0.057196193265007314 0.19205729166666666
2 0.6874524158125914 0.7149218749999999 0.0416398243045388 0.09684895833333333
2 0.7336676427525622 0.17985677083333332 0.09928989751098097 0.16438802083333334
2 0.8501098096632503 0.13509114583333334 0.0841874084919473 0.09602864583333333
2 0.9201171303074671 0.2652994791666667 0.044838945827232794 0.13997395833333334