8 0.37100833333333333 0.7882494331065759 0.22208333333333333 0.4235011337868481
8 0.12743333333333332 0.4553333333333333 0.2548625 0.21500680272108844
8 0.4425 0.6233560090702948 0.14 0.13015873015873017
8 0.7225 0.42063492063492064 0.2966666666666667 0.27165532879818594
8 0.5527083333333334 0.17414965986394557 0.28875 0.345578231292517
8 0.8583333333333333 0.7888888888888889 0.2825 0.3034013605442177
8 0.5695833333333333 0.8104308390022675 0.1775 0.33741496598639453
8 0.6554166666666666 0.707936507936508 0.0725 0.09160997732426304
8 0.6670833333333334 0.5746031746031746 0.07083333333333333 0.10249433106575964
8 0.52625 0.4111111111111111 0.12833333333333333 0.1655328798185941
8 0.37916666666666665 0.1253968253968254 0.18666666666666668 0.2453514739229025
8 0.45416666666666666 0.4140589569160998 0.045 0.06621315192743764
8 0.32166666666666666 0.44263038548752837 0.07333333333333333 0.058049886621315196