8 0.24805833333333335 0.2628403361344538 0.197775 0.16676190476190478
8 0.3051416666666667 0.4271708683473389 0.5436083333333334 0.23547899159663865
8 0.6695833333333333 0.7238095238095238 0.30416666666666664 0.5131652661064425
2 0.3298583333333333 0.8562072829131653 0.24583333333333332 0.12511484593837535
2 0.6451416666666666 0.8692829131652662 0.2875 0.10644257703081232
2 0.7236083333333334 0.9467787114845938 0.13055833333333333 0.10644257703081232
2 0.490275 0.7133501400560224 0.20833333333333334 0.1568627450980392
8 0.08958333333333333 0.3431372549019608 0.17916666666666667 0.31278991596638656
8 0.5298583333333333 0.19047619047619047 0.290275 0.22035294117647058
8 0.8541666666666666 0.15919887955182074 0.18055833333333332 0.29971988795518206
8 0.5583333333333333 0.45284593837535014 0.11944166666666668 0.05228571428571428
8 0.07708333333333334 0.7707731092436975 0.15139166666666665 0.24183193277310924