8 0.8539719626168224 0.8439739413680781 0.222630173564753 0.31205211726384363
8 0.26335113484646194 0.5644951140065146 0.10013351134846461 0.11335504885993486
8 0.2246328437917223 0.6902280130293159 0.12149532710280374 0.16547231270358306
8 0.9015353805073432 0.25276872964169383 0.19492656875834447 0.31335504885993487
8 0.6236648865153538 0.13615635179153093 0.24399198931909213 0.27231270358306187
8 0.4107142857142857 0.46074918566775247 0.20393858477970628 0.30130293159609123
8 0.27069425901201605 0.4986970684039088 0.08344459279038718 0.11791530944625407
8 0.8307743658210948 0.39609120521172636 0.09145527369826435 0.17068403908794788
8 0.712283044058745 0.4794788273615635 0.11481975967957277 0.14201954397394137
8 0.6458611481975968 0.3993485342019544 0.09412550066755675 0.12638436482084692
8 0.6695594125500668 0.2719869706840391 0.044058744993324434 0.16221498371335505
8 0.2546728971962617 0.3211726384364821 0.13684913217623498 0.23061889250814332
8 0.4903204272363151 0.23061889250814332 0.11548731642189586 0.06514657980456026
8 0.5106809078771696 0.16156351791530946 0.11081441922563418 0.152442996742671
2 0.38518024032042725 0.25732899022801303 0.042723631508678236 0.03778501628664495
8 0.4749666221628838 0.29413680781758955 0.08878504672897196 0.05537459283387622
8 0.06975967957276369 0.20162866449511402 0.13951935914552738 0.27947882736156354
8 0.23664886515353806 0.10618892508143322 0.05807743658210948 0.11986970684039087
8 0.18190921228304405 0.9315960912052117 0.04739652870493992 0.08990228013029317
8 0.3855140186915888 0.9302931596091205 0.14085447263017356 0.13941368078175895
8 0.4796395193591455 0.049511400651465795 0.07276368491321762 0.09902280130293159