9 0.3262225475841874 0.75765625 0.032027818448023423 0.17415364583333334
9 0.3580234260614934 0.7246874999999999 0.04530014641288434 0.161953125
9 0.40218155197657396 0.669765625 0.044838945827232794 0.17415364583333334
9 0.31913616398243044 0.38126302083333335 0.04255490483162518 0.1375390625
9 0.421398243045388 0.27140625 0.050329428989751096 0.13102864583333332
9 0.3916544655929722 0.16358072916666666 0.04575402635431918 0.08951822916666667
9 0.35642020497803806 0.2913411458333333 0.03385797950219619 0.08463541666666667
9 0.18027086383601756 0.476484375 0.04117862371888726 0.05453125
9 0.18141288433382138 0.564375 0.03340409956076135 0.11638020833333333
9 0.14069546120058565 0.7804427083333333 0.040724743777452416 0.10579427083333333
9 0.034084919472913616 0.7165494791666666 0.0416398243045388 0.11638020833333333
9 0.05879209370424598 0.7002734374999999 0.017847730600292825 0.08871093749999999
9 0.1139311859443631 0.7987500000000001 0.032027818448023423 0.08708333333333333
9 0.17546852122986822 0.869140625 0.05994143484626647 0.11067708333333333
9 0.1191874084919473 0.931796875 0.035234260614934114 0.126953125
9 0.19765739385065886 0.9379036458333333 0.056734992679355785 0.08057291666666667
9 0.17344070278184479 0.7754947916666667 0.041669106881405564 0.1056640625
9 0.22849194729136163 0.7244140625000001 0.03294289897510981 0.12069010416666666
9 0.16105417276720352 0.7001171875000001 0.055183016105417274 0.04606770833333334
9 0.2990190336749634 0.5899479166666667 0.027591508052708637 0.11518229166666666
9 0.2348243045387994 0.6382682291666667 0.02646412884333821 0.07361979166666667
9 0.06687408491947291 0.5388671875000001 0.021683748169838948 0.0921484375
9 0.3754612005856515 0.5461197916666667 0.04026354319180088 0.12069010416666666
9 0.3257686676427526 0.5413671875 0.042232796486090775 0.10817708333333333
9 0.26297950219619326 0.5043098958333333 0.023653001464128846 0.10216145833333333
9 0.3091581259150805 0.6710677083333333 0.041669106881405564 0.12119791666666667
9 0.2583308931185944 0.7882552083333333 0.04308199121522694 0.128203125
9 0.43797218155197654 0.636015625 0.05208638360175696 0.17727864583333333
9 0.4310761346998536 0.42417968749999996 0.034348462664714495 0.06911458333333333
9 0.28592972181551973 0.499296875 0.021683748169838948 0.050078125
9 0.3040849194729136 0.2734375 0.05237188872620791 0.12320312500000001
9 0.5207540263543192 0.17177083333333332 0.04026354319180088 0.11919270833333334
9 0.4938653001464129 0.2887109375 0.044487554904831625 0.19580729166666666
9 0.5155417276720351 0.4802734375 0.046178623718887264 0.13121093749999999
9 0.5549633967789166 0.52859375 0.027027818448023426 0.05859375
9 0.5811493411420205 0.7115494791666667 0.05068081991215227 0.2442057291666667
9 0.5024231332357247 0.6744791666666666 0.043923865300146414 0.13772135416666667
9 0.49315519765739385 0.7687239583333333 0.04645680819912152 0.05809895833333333
9 0.4620424597364568 0.8761458333333333 0.02815519765739385 0.16777343749999998
9 0.41770131771595903 0.9797656250000001 0.056032210834553446 0.04046875
9 0.4744363103953148 0.4427083333333333 0.02027086383601757 0.05809895833333333
9 0.8232942898975109 0.09515625 0.08165446559297218 0.19029947916666667
9 0.9211420204978038 0.03930989583333334 0.07462664714494875 0.07861979166666667
9 0.9502781844802342 0.2240234375 0.044487554904831625 0.1786328125
9 0.9439385065885798 0.5308463541666667 0.07743045387994144 0.2093359375
2 0.7820424597364568 0.9509765625000001 0.09037335285505124 0.09805989583333334
9 0.6675475841874084 0.4170703125 0.05307467057101025 0.07243489583333333
9 0.5806149341142021 0.039466145833333334 0.05124450951683748 0.0789453125
9 0.2607979502196193 0.05493489583333333 0.05398975109809663 0.10986979166666666
9 0.1949121522693997 0.3727213541666667 0.030380673499267936 0.111328125
9 0.20863836017569545 0.8160807291666666 0.02855051244509517 0.06315104166666667
9 0.14092240117130309 0.9599609375 0.027086383601756955 0.080078125
9 0.4529648609077599 0.06673177083333333 0.025256222547584188 0.08268229166666667
9 0.450402635431918 0.119140625 0.02745241581259151 0.05859375
9 0.42002196193265007 0.5530598958333334 0.035505124450951685 0.08919270833333333