9 0.15356515373352855 0.35097656250000003 0.03094436310395315 0.06865885416666666
9 0.12178623718887263 0.35540364583333334 0.0279502196193265 0.06333333333333334
9 0.11097364568081991 0.484140625 0.05091508052708638 0.05326822916666666
9 0.07736456808199121 0.5791145833333333 0.03094436310395315 0.1212890625
9 0.28234260614934115 0.7386328125 0.03294289897510981 0.09824218750000001
9 0.20431185944363103 0.8913411458333332 0.04325768667642753 0.15506510416666666
9 0.13293557833089312 0.9560286458333334 0.04292825768667643 0.08794270833333334
9 0.12445095168374817 0.8860026041666668 0.0505783308931186 0.0662890625
9 0.16870424597364567 0.9502213541666666 0.029282576866764276 0.09291666666666666
9 0.14907759882869692 0.7634895833333334 0.043923865300146414 0.07930989583333332
9 0.23109809663250366 0.7951562499999999 0.038265007320644216 0.082265625
9 0.24840409956076134 0.6815234375 0.04625183016105417 0.12251302083333333
9 0.3234407027818448 0.8046223958333334 0.06521961932650074 0.07753906249999999
9 0.19233528550512446 0.6474869791666666 0.03061493411420205 0.09942708333333333
9 0.058067349926793556 0.49657552083333334 0.04159590043923865 0.07696614583333333
9 0.23825036603221084 0.5122786458333334 0.053243045387994146 0.06333333333333334
9 0.12711566617862372 0.22490885416666664 0.01863103953147877 0.06154947916666667
9 0.3227745241581259 0.5353385416666666 0.05124450951683748 0.08345052083333333
9 0.3317569546120059 0.6397786458333333 0.05390922401171303 0.08756510416666667
9 0.30098096632503657 0.6678776041666666 0.04159590043923865 0.05385416666666667
9 0.267701317715959 0.6586979166666667 0.03027818448023426 0.0580078125
9 0.3197803806734993 0.0760546875 0.06388726207906295 0.07635416666666667
9 0.370190336749634 0.234375 0.045585651537335285 0.12783854166666667
9 0.3633674963396779 0.33380208333333333 0.036603221083455345 0.10179687500000001
9 0.313792093704246 0.24235677083333332 0.02329428989751098 0.0503125
9 0.3209443631039532 0.7176302083333334 0.043594436310395314 0.07161458333333333
9 0.4994655929721815 0.9299869791666667 0.05989751098096632 0.1400390625
9 0.5711786237188873 0.9409375 0.05889458272327965 0.11813802083333334
9 0.6398901903367497 0.9463802083333334 0.06322108345534407 0.078125
9 0.730732064421669 0.958515625 0.048579795021961934 0.07516927083333333
9 0.7247437774524158 0.8688411458333333 0.02994875549048316 0.05326822916666666
9 0.6731698389458272 0.8247526041666666 0.03593704245973646 0.05977864583333333
9 0.5836530014641288 0.6856640625 0.033938506588579796 0.09528645833333334
9 0.5588653001464129 0.6466015625 0.03294289897510981 0.0704296875
9 0.6610175695461201 0.7445572916666667 0.04958272327964861 0.08404947916666666
9 0.6571961932650073 0.6750130208333333 0.048579795021961934 0.045572916666666664
9 0.6969619326500732 0.7306510416666666 0.03494143484626647 0.07753906249999999
9 0.730900439238653 0.7806640625 0.04026354319180088 0.054453125
9 0.7753221083455344 0.8061067708333334 0.048579795021961934 0.06391927083333333
9 0.8303953147877012 0.8723958333333334 0.04625183016105417 0.09707031249999999
9 0.8849633967789164 0.7850911458333334 0.0449194729136164 0.12251302083333333
9 0.8515226939970718 0.7303515625 0.024626647144948756 0.062734375
9 0.8308931185944363 0.6140494791666666 0.036603221083455345 0.0704296875
9 0.8688286969253294 0.6380208333333334 0.03593704245973646 0.09824218750000001
9 0.7823133235724744 0.4353125 0.048579795021961934 0.1248828125
9 0.8274011713030747 0.5116536458333333 0.024956076134699856 0.0503125
9 0.9150805270863837 0.63328125 0.03726939970717423 0.14796875
9 0.8867935578330892 0.5598958333333334 0.029282576866764276 0.04615885416666667
9 0.809099560761347 0.29889322916666666 0.04159590043923865 0.07102864583333333
9 0.9212371888726208 0.23555989583333334 0.05091508052708638 0.15269531249999999
9 0.9072620790629575 0.0580078125 0.04758418740849195 0.09942708333333333
9 0.8190775988286969 0.02899739583333333 0.022291361639824304 0.0580078125
9 0.8565153733528551 0.07338541666666666 0.04059297218155198 0.07102864583333333
9 0.7684992679355783 0.6554817708333334 0.05823572474377745 0.09647135416666668
9 0.815922401171303 0.7374479166666666 0.04059297218155198 0.10653645833333332
9 0.762510980966325 0.8720963541666666 0.026954612005856516 0.11186197916666667
9 0.9659956076134699 0.018346354166666665 0.041259150805270865 0.03669270833333333
9 0.7026134699853587 0.04083333333333333 0.026954612005856516 0.06510416666666667
9 0.6091142020497804 0.05563802083333333 0.045585651537335285 0.11126302083333334
9 0.08751830161054172 0.42259114583333335 0.022628111273792093 0.048528645833333335
9 0.055073206442166914 0.45602864583333336 0.024289897510980967 0.055039062500000006
9 0.06605417276720352 0.29473958333333333 0.032276720351390925 0.028411458333333334
9 0.02529282576866764 0.12281249999999999 0.03460468521229868 0.06924479166666667
9 0.2833455344070278 0.43145833333333333 0.02562225475841874 0.0355078125