9 0.6256076134699854 0.4313151041666667 0.056734992679355785 0.19205729166666666
9 0.6756368960468521 0.3580729166666667 0.07747437774524157 0.14973958333333334
9 0.6960688140556369 0.2506510416666667 0.1061493411420205 0.10850260416666667
9 0.7076647144948756 0.4421614583333333 0.04026354319180088 0.10959635416666667
9 0.7750732064421669 0.4345703125 0.06283308931185944 0.16384114583333334
9 0.8568228404099562 0.3895442708333334 0.04697657393850659 0.11501302083333333
9 0.842181551976574 0.2604166666666667 0.02745241581259151 0.1171875
9 0.9047071742313323 0.3455989583333334 0.05734260614934114 0.09657552083333333
9 0.8025256222547584 0.22243489583333334 0.0372108345534407 0.1128515625
9 0.7345021961932651 0.08463541666666667 0.029282576866764276 0.13020833333333334
9 0.5698682284040996 0.9467838541666667 0.06726207906295753 0.1064453125
9 0.5856515373352855 0.8911197916666667 0.03843338213762811 0.042317708333333336
9 0.6163103953147877 0.8667057291666667 0.09242313323572475 0.09114583333333333
9 0.6652635431918009 0.8190885416666666 0.07961200585651537 0.11149739583333333
9 0.7258857979502196 0.747890625 0.0306588579795022 0.061848958333333336
9 0.6339019033674963 0.6016276041666667 0.0725402635431918 0.13434895833333335
9 0.6568594436310395 0.7022395833333334 0.06921669106881405 0.07279947916666667
9 0.7059443631039531 0.6892187500000001 0.03494143484626647 0.05622395833333333
9 0.7440409956076135 0.6924739583333334 0.03261346998535871 0.0580078125
9 0.8831332357247437 0.8996223958333333 0.037935578330893116 0.06747395833333333
9 0.887628111273792 0.83984375 0.036932650073206445 0.048528645833333335
9 0.7428770131771596 0.9656119791666667 0.04958272327964861 0.046757812499999996
9 0.7473718887262079 0.7830208333333334 0.02529282576866764 0.054453125
9 0.8129209370424598 0.8454687500000001 0.027284040995607616 0.07161458333333333
9 0.792130307467057 0.9614713541666666 0.03161054172767203 0.05977864583333333
9 0.7540263543191801 0.5569401041666667 0.0505783308931186 0.0816796875
9 0.5618594436310396 0.4125260416666667 0.03427525622254758 0.09588541666666667
9 0.5210980966325037 0.48 0.06388726207906295 0.09707031249999999
9 0.5408711566617863 0.564453125 0.046120058565153735 0.055989583333333336
9 0.5658857979502196 0.5412369791666667 0.03904099560761347 0.109375
9 0.6085871156661786 0.6807682291666667 0.024890190336749635 0.05165364583333334
9 0.5307467057101025 0.6953125 0.02684480234260615 0.059895833333333336
9 0.5629575402635432 0.6571223958333333 0.02342606149341142 0.04860677083333333
9 0.5101244509516838 0.7391536458333333 0.04026354319180088 0.09462239583333333
9 0.5283089311859444 0.9244791666666666 0.0424597364568082 0.15104166666666666
9 0.4766983894582723 0.9420442708333333 0.030014641288433383 0.05859375
9 0.47218155197657397 0.322265625 0.03611273792093704 0.06032552083333333
9 0.30136896046852124 0.462890625 0.03855783308931186 0.1098046875
9 0.3358931185944363 0.7063802083333334 0.026112737920937042 0.0863671875
9 0.7404831625183016 0.29665364583333337 0.024158125915080528 0.06032552083333333
9 0.7070497803806736 0.5874609375000001 0.023667642752562223 0.0542578125