9 0.3114055636896047 0.26643229166666665 0.05969253294289898 0.14423177083333333
9 0.38123718887262076 0.2799479166666667 0.06194729136163983 0.14322916666666666
9 0.5777672035139092 0.09615885416666665 0.04842606149341142 0.062096354166666666
9 0.6318301610541728 0.15674479166666666 0.043923865300146414 0.10115885416666666
9 0.6850439238653001 0.0726171875 0.04110541727672035 0.11117187499999999
9 0.44937774524158125 0.25140625 0.060819912152269395 0.07611979166666667
9 0.5369399707174232 0.2549088541666667 0.04898975109809663 0.07311197916666666
9 0.4640190336749634 0.044570312499999994 0.049553440702781844 0.08513020833333333
9 0.5369399707174232 0.07861979166666667 0.03773060029282577 0.053085937500000006
9 0.5420937042459737 0.3248697916666667 0.050512445095168376 0.057291666666666664
9 0.5307467057101025 0.4000651041666667 0.027086383601756955 0.08919270833333333
9 0.4791361639824305 0.12955729166666666 0.03513909224011713 0.059895833333333336
9 0.5298316251830161 0.17252604166666666 0.031112737920937043 0.05859375
9 0.5 0.0322265625 0.03367496339677892 0.064453125
9 0.5744875549048316 0.057942708333333336 0.028184480234260616 0.029947916666666668
9 0.6564787701317716 0.0283203125 0.023792093704245974 0.056640625
9 0.6678257686676428 0.2692057291666667 0.0479502196193265 0.08138020833333333
9 0.62298682284041 0.3356119791666667 0.03587115666178624 0.10091145833333333
9 0.5666178623718887 0.17643229166666666 0.030014641288433383 0.10286458333333333
9 0.5799780380673499 0.017252604166666668 0.039897510980966326 0.034505208333333336
9 0.666727672035139 0.8001302083333334 0.028184480234260616 0.0859375
9 0.7207174231332357 0.7828776041666666 0.03733528550512445 0.099609375
9 0.6509882869692533 0.5250651041666666 0.04428989751098097 0.08919270833333333
9 0.6526354319180088 0.5960286458333334 0.036603221083455345 0.051432291666666664
9 0.8958638360175696 0.9075520833333334 0.058199121522694 0.08854166666666667
9 0.8429721815519766 0.9231770833333334 0.040995607613469986 0.05859375
9 0.8468155197657394 0.8154296875 0.028184480234260616 0.06315104166666667
9 0.0634480234260615 0.09114583333333333 0.036603221083455345 0.10634114583333333
9 0.11590775988286971 0.15895833333333334 0.07198389458272328 0.07704427083333333
9 0.016163982430453878 0.16438802083333334 0.032335285505124454 0.09657552083333333
9 0.31295754026354317 0.3445052083333333 0.04636163982430454 0.12044270833333333
9 0.1116398243045388 0.07541666666666667 0.04880673499267936 0.07704427083333333
9 0.08113469985358711 0.023867187499999998 0.05490483162518302 0.04774739583333334
9 0.02226939970717423 0.04774739583333334 0.04453147877013177 0.09548177083333333
9 0.7735505124450952 0.6770833333333334 0.06832357247437774 0.0737890625