9 0.7610834553440704 0.6361588541666666 0.05490483162518302 0.13579427083333334
9 0.8371669106881405 0.5887239583333334 0.04497071742313324 0.126484375
9 0.8201756954612005 0.4608463541666667 0.028762811127379207 0.11067708333333333
9 0.7830453879941436 0.4115494791666667 0.03608345534407028 0.10509114583333333
9 0.6852635431918009 0.4543359375 0.09255490483162519 0.10324218750000001
9 0.7171595900439238 0.283671875 0.027715959004392388 0.12834635416666665
9 0.6559809663250367 0.5575651041666666 0.0758199121522694 0.14973958333333334
9 0.7338945827232797 0.7389322916666666 0.05072474377745242 0.08091145833333334
9 0.6068301610541728 0.62546875 0.05281112737920937 0.1999609375
9 0.6112737920937042 0.7863671874999999 0.07425329428989752 0.127421875
9 0.6867203513909224 0.87890625 0.037825768667642756 0.05497395833333333
9 0.7046120058565154 0.9422005208333334 0.0321303074670571 0.06727864583333333
9 0.6883455344070278 0.631875 0.03863836017569546 0.1019921875
9 0.742437774524158 0.5718359375000001 0.028872620790629574 0.052812500000000005
9 0.7109150805270864 0.16782552083333332 0.039853587115666174 0.04774739583333334
9 0.6356734992679356 0.8930078125 0.06263543191800879 0.07595052083333333
9 0.727796486090776 0.9738151041666666 0.028872620790629574 0.052369791666666665
9 0.7227086383601757 0.8803515625 0.0317203513909224 0.052083333333333336
9 0.5435578330893118 0.5964322916666667 0.037013177159590044 0.09765625
9 0.5012591508052708 0.6488671874999999 0.06547584187408492 0.13744791666666667
9 0.4534699853587116 0.5034765625000001 0.03904099560761347 0.05497395833333333
9 0.48804538799414343 0.920859375 0.04148609077598829 0.09692708333333333
9 0.5092093704245974 0.8806640625000001 0.028440702781844802 0.061601562500000005
9 0.5860761346998536 0.8706380208333333 0.02731332357247438 0.05859375