9 0.07778184480234261 0.30328125 0.032335285505124454 0.1117578125
9 0.015248901903367496 0.3179296875 0.030505124450951684 0.12587239583333334
9 0.19743045387994143 0.2644921875 0.0809882869692533 0.1806640625
9 0.14480966325036604 0.3194140625 0.10112005856515373 0.09684895833333333
9 0.1315446559297218 0.14770833333333333 0.07183748169838945 0.10824218749999999
9 0.09150805270863836 0.05736979166666667 0.056734992679355785 0.11475260416666666
9 0.142298682284041 0.496015625 0.10889458272327965 0.09033854166666666
9 0.02791361639824305 0.7364973958333333 0.0558199121522694 0.13997395833333334
9 0.27521229868228403 0.6901041666666666 0.18256222547584186 0.23600260416666666
9 0.2866471449487555 0.8882682291666667 0.07366764275256223 0.16846354166666666
9 0.3687774524158126 0.8727994791666666 0.08601756954612005 0.16520833333333332
9 0.456398243045388 0.7731119791666666 0.17707174231332357 0.2490234375
9 0.5655197657393851 0.6990625 0.09608345534407028 0.11393229166666667
9 0.6069106881405564 0.3645833333333333 0.07088579795021961 0.0732421875
9 0.638696925329429 0.6038411458333334 0.05490483162518302 0.19694010416666666
9 0.6572254758418741 0.9350651041666667 0.06085651537335285 0.08626302083333333
9 0.7931185944363105 0.8890755208333333 0.05902635431918008 0.1277734375
9 0.7260248901903368 0.8271484375 0.04062957540263543 0.13216145833333334
9 0.7769033674963397 0.767578125 0.054538799414348464 0.0703125
9 0.7144948755490483 0.7109375 0.07540263543191801 0.06640625
9 0.849194729136164 0.8473307291666666 0.04904831625183016 0.11653645833333333
9 0.8795754026354319 0.9602864583333334 0.05490483162518302 0.07942708333333333
9 0.8943997071742313 0.7408854166666666 0.049414348462664716 0.17578125
9 0.9436310395314788 0.6979166666666666 0.05197657393850659 0.16536458333333334
9 0.9859077598828697 0.70703125 0.028184480234260616 0.171875
9 0.8222913616398243 0.6158854166666666 0.023792093704245974 0.10026041666666667
9 0.7148609077598829 0.5384114583333334 0.0629502196193265 0.2526041666666667
9 0.6896120058565154 0.3151041666666667 0.06661786237188873 0.24869791666666666
9 0.82101756954612 0.3675130208333333 0.07906295754026355 0.13997395833333334
9 0.8810468521229868 0.3577473958333333 0.06515373352855051 0.068359375
9 0.7811200585651538 0.4765625 0.07906295754026355 0.18229166666666666
9 0.8228477306002928 0.6194661458333334 0.02342606149341142 0.095703125
9 0.7763616398243045 0.6018880208333334 0.046120058565153735 0.08658854166666667
9 0.8462737920937042 0.5211588541666666 0.05490483162518302 0.07356770833333333
9 0.806376281112738 0.783203125 0.0629575402635432 0.1328125
9 0.9302708638360175 0.3818359375 0.026720351390922402 0.09309895833333333
9 0.9505856515373353 0.5211588541666666 0.03513909224011713 0.08658854166666667
9 0.861090775988287 0.5631510416666666 0.02452415812591508 0.02734375
9 0.8711566617862372 0.6271744791666667 0.029282576866764276 0.026914062500000002
9 0.9084919472913616 0.6438802083333334 0.027327964860907758 0.0316796875
9 0.9613250366032211 0.6206640625000001 0.020739385065885796 0.02170572916666667
9 0.9481478770131773 0.2997005208333333 0.047093704245973644 0.06640625
9 0.04898975109809663 0.04356770833333334 0.020834553440702782 0.06009114583333333
9 0.11909956076134699 0.2679296875 0.03603953147877013 0.05908854166666667
9 0.1645754026354319 0.07662760416666667 0.07236456808199121 0.12320312500000001
9 0.9043777452415813 0.540859375 0.034348462664714495 0.0360546875
9 0.7306588579795023 0.3182552083333333 0.034348462664714495 0.069609375
9 0.6901098096632504 0.4767578125 0.019143484626647143 0.0811328125
9 0.6712445095168375 0.5781770833333334 0.02534407027818448 0.18880208333333334