9 0.36076866764275256 0.3406640625 0.08008784773060029 0.19485677083333333
9 0.2549926793557833 0.4401041666666667 0.0763103953147877 0.21904947916666664
9 0.2835139092240117 0.34200520833333337 0.0366398243045388 0.05375
9 0.3371595900439239 0.24860677083333335 0.071398243045388 0.13572916666666665
9 0.3628477306002928 0.10649739583333334 0.047218155197657395 0.1538671875
9 0.4708857979502196 0.39575520833333333 0.047218155197657395 0.09138020833333334
9 0.4140336749633968 0.15252604166666667 0.041551976573938505 0.08197916666666667
9 0.08140556368960469 0.2277734375 0.04193265007320644 0.08466145833333333
9 0.024934114202049783 0.17470052083333332 0.04986822840409957 0.05778645833333334
9 0.04023426061493411 0.2519661458333333 0.04797950219619327 0.10078125
9 0.1259882869692533 0.16192708333333333 0.0502415812591508 0.1505078125
9 0.09019033674963398 0.4109375 0.0404099560761347 0.08958333333333333
9 0.20775988286969255 0.8963541666666667 0.03133235724743777 0.0375
9 0.21698389458272327 0.9611979166666668 0.03513909224011713 0.05052083333333333
9 0.22869692532942898 0.21822916666666667 0.03748169838945827 0.121875
9 0.17979502196193264 0.04973958333333334 0.040995607613469986 0.09947916666666667
9 0.1897510980966325 0.16197916666666667 0.04216691068814056 0.04479166666666667
9 0.18532210834553442 0.49671875000000004 0.036061493411420203 0.09740885416666667
9 0.32102489019033675 0.07643229166666667 0.025483162518301614 0.054492187500000004
9 0.3058418740849195 0.3891796875 0.03687408491947291 0.16203125
9 0.3089604685212299 0.5420572916666667 0.01871156661786237 0.04436197916666667
9 0.33051244509516836 0.5577213541666667 0.018982430453879942 0.04967447916666667
9 0.4537408491947291 0.28694010416666665 0.02684480234260615 0.11188802083333334
9 0.40792093704245974 0.27802083333333333 0.029553440702781843 0.11526041666666666
9 0.4498096632503661 0.148046875 0.03362371888726208 0.06944010416666667
9 0.48424597364568084 0.256796875 0.018440702781844804 0.041953125
9 0.4992972181551976 0.2917578125 0.02521229868228404 0.04243489583333334
9 0.4500805270863836 0.5931770833333333 0.043923865300146414 0.06462239583333333
9 0.4163250366032211 0.725546875 0.03551976573938507 0.07475260416666667
9 0.46729868228404103 0.8584114583333333 0.03822840409956076 0.06654947916666666
9 0.48696193265007326 0.8077734375 0.05205710102489019 0.06654947916666666
9 0.46893118594436306 0.6561067708333334 0.03714494875549049 0.05063802083333333
9 0.5037701317715959 0.6746744791666667 0.038499267935578334 0.0598046875
9 0.5117642752562226 0.3537369791666667 0.021961932650073207 0.0516015625
9 0.58199121522694 0.5034765625000001 0.03280380673499268 0.1186328125
9 0.6009736456808199 0.9577604166666666 0.02576134699853587 0.06751302083333334
9 0.5646412884333821 0.8557552083333334 0.03335285505124451 0.07571614583333333
9 0.5889019033674964 0.8104296875 0.032532942898975105 0.04774739583333334
9 0.5525695461200585 0.8031901041666667 0.03199121522693997 0.05545572916666667
9 0.49021229868228405 0.7325390625 0.026032210834553444 0.06365885416666667
9 0.6161566617862372 0.7298958333333333 0.0387701317715959 0.11140625
9 0.5758931185944363 0.6927604166666667 0.028740849194729134 0.046783854166666666
9 0.6345900439238653 0.9510026041666667 0.027386530014641287 0.06462239583333333
9 0.493601756954612 0.024348958333333334 0.0431112737920937 0.048710937499999996
9 0.567891654465593 0.051119791666666664 0.05612737920937043 0.10223958333333333
9 0.6419106881405564 0.06485677083333334 0.0458199121522694 0.12200520833333334
9 0.674311859443631 0.1171875 0.023857979502196196 0.15432291666666667
9 0.6763469985358711 0.6522526041666666 0.02684480234260615 0.054492187500000004
9 0.6453001464128844 0.680703125 0.031449487554904836 0.10272135416666667
9 0.8836310395314787 0.5343359375 0.03362371888726208 0.08005208333333333
9 0.8078477306002928 0.786796875 0.05666910688140556 0.09790364583333333
9 0.822489019033675 0.7122916666666667 0.04419472913616398 0.04243489583333334
9 0.7761273792093705 0.7243489583333332 0.023045387994143483 0.049192708333333335
9 0.9130453879941435 0.6903515625000001 0.036061493411420203 0.08729166666666667
9 0.930402635431918 0.655625 0.057210834553440705 0.11622395833333334
9 0.5306076134699853 0.46875 0.028740849194729134 0.09162760416666667
9 0.5773792093704246 0.5827994791666666 0.05070278184480235 0.041953125
9 0.44886530014641285 0.5249348958333333 0.01816251830161054 0.040989583333333336
9 0.06602489019033675 0.4571744791666667 0.030636896046852123 0.07427083333333333
9 0.05585651537335285 0.4940625 0.036332357247437774 0.09403645833333334
9 0.14980234260614933 0.5618229166666667 0.028469985358711567 0.07908854166666666
9 0.2292459736456808 0.04798177083333333 0.03335285505124451 0.06895833333333333
9 0.2635431918008785 0.13020833333333334 0.027657393850658858 0.04822916666666666
9 0.36617130307467055 0.024830729166666666 0.04636163982430454 0.04967447916666667
9 0.323601756954612 0.142265625 0.027386530014641287 0.0376171875