9 0.5647364568081991 0.5868619791666666 0.17987554904831626 0.2139192708333333
9 0.7435651537335286 0.6817317708333334 0.19451683748169837 0.24739583333333334
9 0.5615959004392387 0.8249609375000001 0.06483894582723279 0.20274739583333334
9 0.20759150805270862 0.1906640625 0.0993484626647145 0.17299479166666668
9 0.5200951683748171 0.8995052083333334 0.10315519765739385 0.20098958333333336
9 0.21363103953147877 0.6924739583333334 0.21562957540263544 0.1680859375
9 0.04658857979502196 0.7120052083333334 0.09316983894582723 0.14322916666666666
9 0.036603221083455345 0.05149739583333333 0.07320644216691069 0.10298177083333333
9 0.4808345534407028 0.12369791666666667 0.10182284040995608 0.24739583333333334
9 0.6848096632503661 0.08463541666666667 0.07187408491947292 0.16927083333333334
9 0.5320790629575403 0.6693880208333334 0.05923133235724744 0.15269531249999999
9 0.4492240117130307 0.8866015625 0.03726939970717423 0.07575520833333334
9 0.6355636896046851 0.8274088541666668 0.08784773060029283 0.1751953125
9 0.8641654465592973 0.6214453125 0.08984626647144948 0.10890625
9 0.912415812591508 0.6865494791666666 0.07986090775988287 0.2012369791666667
9 0.9626647144948756 0.6783072916666667 0.03294289897510981 0.20264322916666666
9 0.39600292825768674 0.4720052083333333 0.08830893118594436 0.08626302083333333
9 0.38707906295754024 0.8341536458333333 0.04666910688140556 0.068359375
9 0.013038067349926793 0.27100260416666666 0.02608345534407028 0.2294921875
9 0.08373352855051244 0.10010416666666666 0.037518301610541725 0.06510416666666667