9 0.11054172767203514 0.4544270833333333 0.2005856515373353 0.3046875
9 0.31332357247437775 0.7760416666666666 0.17276720351390923 0.4479166666666667
9 0.8565153733528551 0.7252604166666666 0.2869692532942899 0.5494791666666666
9 0.657393850658858 0.7421875 0.22840409956076135 0.515625
9 0.45900439238653 0.58984375 0.19765739385065886 0.4401041666666667
9 0.09150805270863836 0.8424479166666666 0.17130307467057102 0.3151041666666667
9 0.4136163982430454 0.32634114583333335 0.09699853587115666 0.10904947916666667
9 0.5517935578330894 0.361328125 0.06588579795021962 0.166015625
9 0.6707540263543191 0.11393229166666667 0.1281112737920937 0.22786458333333334
9 0.8683894582723279 0.3108723958333333 0.24702049780380675 0.3548177083333333
9 0.7823426061493411 0.34424479166666666 0.06954612005856516 0.12532552083333334
9 0.41407759882869694 0.9174869791666667 0.14915812591508051 0.1650390625