9 0.45323572474377744 0.4293098958333333 0.036603221083455345 0.1033984375
9 0.4484992679355783 0.3052213541666667 0.0288506588579795 0.07889322916666668
9 0.44418740849194727 0.6127473958333333 0.0288506588579795 0.07352864583333334
9 0.4978038067349927 0.5495572916666667 0.02841874084919473 0.04671875
9 0.4659370424597365 0.5093489583333334 0.024978038067349925 0.047486979166666665
9 0.42136896046852124 0.43045572916666663 0.022825768667642753 0.06281250000000001
9 0.424809663250366 0.5518489583333334 0.02109809663250366 0.03752604166666667
9 0.4801464128843338 0.28683593749999997 0.029282576866764276 0.074296875
9 0.48467057101024885 0.39253906250000004 0.032298682284040994 0.09727864583333333
9 0.5163177159590043 0.3255208333333333 0.04995607613469985 0.07352864583333334
9 0.44978770131771595 0.14667968750000002 0.02971449487554905 0.0957421875
9 0.315 0.535 0.031434846266471445 0.08654947916666667
9 0.6562737920937043 0.77703125 0.03273060029282577 0.08960937499999999
9 0.6778038067349926 0.8218489583333333 0.02583455344070278 0.0719921875
9 0.4773499267935578 0.10263020833333332 0.0254099560761347 0.05821614583333334