9 0.4532723279648609 0.7899348958333333 0.05612737920937043 0.14756510416666666
9 0.5899194729136165 0.7915625 0.061002928257686675 0.07486979166666667
9 0.6832576866764275 0.8707682291666666 0.053682284040995606 0.06618489583333333
9 0.6655710102489019 0.9488932291666666 0.030505124450951684 0.09440104166666667
9 0.5319692532942899 0.5365624999999999 0.03416544655929722 0.10091145833333333
9 0.6088360175695461 0.5940755208333334 0.05124450951683748 0.09006510416666667
9 0.2711713030746706 0.3993098958333334 0.05185212298682284 0.08680989583333333
9 0.2812371888726208 0.5040104166666667 0.05856515373352855 0.0835546875
9 0.274216691068814 0.6694921875 0.06405563689604685 0.078125
9 0.09028550512445095 0.21180989583333332 0.03416544655929722 0.07118489583333333
9 0.31283308931185944 0.08420572916666667 0.04587847730600293 0.13020833333333334
9 0.306493411420205 0.18707031249999997 0.03806734992679356 0.10329427083333333
9 0.19423865300146412 0.5433984374999999 0.044897510980966324 0.11979166666666667
9 0.13885065885797948 0.5160546874999999 0.035629575402635436 0.09983072916666667
9 0.01683748169838946 0.4474869791666667 0.03367496339677892 0.13802083333333334
9 0.050270863836017574 0.3550390625 0.056610541727672034 0.05381510416666666
9 0.18325768667642753 0.3771744791666667 0.05417276720351391 0.06162760416666666
9 0.15519765739385066 0.76171875 0.044897510980966324 0.15016927083333334
9 0.1808199121522694 0.6636328125000001 0.03855783308931186 0.08420572916666667
9 0.073696925329429 0.7586848958333333 0.05173499267935579 0.0590234375
9 0.0841874084919473 0.8502604166666666 0.04538799414348463 0.1328125
9 0.0951683748169839 0.6328125 0.04978038067349927 0.08506510416666667
9 0.23157393850658856 0.6024348958333333 0.03367496339677892 0.0972265625
9 0.520783308931186 0.8000520833333334 0.05897510980966325 0.14178385416666667
9 0.6767496339677892 0.80078125 0.04717423133235724 0.07234375
9 0.6208345534407027 0.6730989583333334 0.033755490483162516 0.05859375
9 0.8258125915080526 0.6322395833333333 0.041076134699853585 0.12587239583333334
9 0.7643997071742313 0.8749218750000001 0.03945095168374817 0.10634114583333333
9 0.8097437774524158 0.8148828125 0.04799414348462665 0.08319010416666667
9 0.7729355783308931 0.7251822916666667 0.04595900439238653 0.1019921875
9 0.7210834553440703 0.65140625 0.04880673499267936 0.064375
9 0.6781771595900439 0.6275260416666667 0.03863836017569546 0.048463541666666665
9 0.6710614934114202 0.7143359375 0.03416544655929722 0.052812500000000005
9 0.7751756954612007 0.46513020833333335 0.0317203513909224 0.0737890625
9 0.7160029282576866 0.5063671875 0.05490483162518302 0.09692708333333333
9 0.8691215226939971 0.101640625 0.05205710102489019 0.133828125
9 0.7574816983894583 0.14721354166666667 0.041076134699853585 0.07016927083333334
9 0.7304392386530014 0.28934895833333335 0.05043191800878477 0.13020833333333334
9 0.8640409956076135 0.4788802083333333 0.033755490483162516 0.13598958333333333
9 0.7961200585651538 0.5776171875 0.023184480234260615 0.061484375
9 0.8138140556368961 0.4879166666666667 0.03822840409956076 0.1019921875
9 0.6316105417276721 0.9107291666666667 0.029282576866764276 0.07088541666666666