9 0.5579941434846266 0.76171875 0.18871156661786234 0.27921875
9 0.7385724743777452 0.8653124999999999 0.182203513909224 0.2693880208333333
9 0.4172767203513909 0.5092578125 0.1073718887262079 0.10127604166666666
9 0.23833089311859443 0.42895833333333333 0.08784773060029283 0.23003906249999997
9 0.20456808199121523 0.20471354166666667 0.09354319180087847 0.16348958333333333
9 0.916705710102489 0.6886588541666666 0.08296486090775988 0.19097656249999997
9 0.8557027818448024 0.8051171875 0.1285212298682284 0.14033854166666668
9 0.5474231332357248 0.926796875 0.07808931185944364 0.14640625
9 0.19674963396778916 0.7394401041666666 0.20972181551976576 0.13049479166666667
9 0.0512298682284041 0.7429166666666666 0.1024597364568082 0.16348958333333333
9 0.034407027818448024 0.0542578125 0.06881405563689605 0.10850260416666667
9 0.08076866764275256 0.11067708333333333 0.037576866764275255 0.059895833333333336
9 0.05075402635431918 0.4448828125 0.08394582723279649 0.14670572916666666
9 0.1144436310395315 0.4461848958333334 0.09614202049780382 0.16839843750000003
9 0.16325036603221083 0.5199609374999999 0.05612737920937043 0.1284765625
9 0.3735944363103953 0.3194401041666667 0.03464860907759883 0.11458333333333333
9 0.30624450951683746 0.3359375 0.047342606149341146 0.13368489583333334
9 0.43045387994143486 0.3480859375 0.09370424597364568 0.11631510416666667
9 0.42655197657393845 0.16884114583333332 0.06539531478770132 0.09114583333333333
9 0.47779648609077596 0.2960026041666667 0.08589311859443631 0.18402343750000003
9 0.25280380673499264 0.033854166666666664 0.06832357247437774 0.0625
9 0.38433382137628114 0.07985677083333333 0.05221815519765739 0.11805989583333333
9 0.3462664714494876 0.19921875 0.029773060029282577 0.0512109375
9 0.41264275256222543 0.2899348958333333 0.03464860907759883 0.06423177083333333
9 0.3577379209370425 0.8598046875 0.05075402635431918 0.1015625
9 0.404099560761347 0.9183984375 0.10834553440702782 0.13541666666666666
9 0.30429721815519767 0.7261328125 0.048316251830161056 0.13108072916666666
9 0.6381185944363104 0.9366276041666667 0.0951683748169839 0.12673177083333334
9 0.919714494875549 0.4162369791666667 0.0639311859443631 0.1137109375