9 0.18887262079062958 0.24001302083333334 0.05953879941434846 0.17795572916666666
9 0.31234992679355783 0.1480078125 0.040995607613469986 0.15364583333333334
9 0.18814055636896046 0.3802083333333333 0.05612737920937043 0.13541666666666666
9 0.07564421669106881 0.3207421875 0.025380673499267935 0.09114583333333333
9 0.09101756954612006 0.4505208333333333 0.05221815519765739 0.0625
9 0.05221815519765739 0.5542578125000001 0.030256222547584186 0.13975260416666666
9 0.11127379209370425 0.6896744791666666 0.03123718887262079 0.12760416666666666
9 0.1617862371888726 0.7352473958333333 0.05124450951683748 0.1441015625
9 0.21571742313323575 0.9427083333333334 0.054663250366032215 0.11458333333333333
9 0.19399707174231332 0.8294270833333334 0.04538799414348463 0.1206640625
9 0.2586603221083455 0.9088541666666666 0.06734992679355783 0.09375
9 0.15080527086383602 0.8658854166666666 0.040995607613469986 0.0894140625
9 0.13201317715959004 0.9431380208333334 0.04050512445095168 0.1137109375
9 0.19643484626647142 0.7200520833333334 0.04441434846266472 0.07552083333333333
9 0.17935578330893118 0.5325520833333334 0.047342606149341146 0.0824609375
9 0.2587847730600293 0.5830078125 0.055636896046852125 0.11002604166666667
9 0.2657393850658858 0.7141927083333334 0.06954612005856516 0.1015625
9 0.29374084919472915 0.7796223958333334 0.05307467057101025 0.08658854166666667
9 0.22858711566617862 0.11100260416666667 0.033308931185944364 0.08919270833333333
9 0.2831259150805271 0.2607291666666667 0.05746705710102489 0.17772135416666668
9 0.45406295754026355 0.9560546875 0.05014641288433382 0.087890625
9 0.5715592972181552 0.9567057291666666 0.04868228404099561 0.08658854166666667
9 0.48975109809663253 0.8375651041666666 0.04904831625183016 0.091796875
9 0.708272327964861 0.9694010416666666 0.03587115666178624 0.061197916666666664
9 0.751281112737921 0.9407552083333334 0.06185944363103953 0.11848958333333333
9 0.8513909224011713 0.939453125 0.0527086383601757 0.12109375
9 0.7961200585651538 0.7496744791666666 0.04172767203513909 0.07747395833333333
9 0.9586383601756955 0.7236328125 0.040995607613469986 0.08919270833333333
9 0.9037335285505125 0.5846354166666666 0.04465592972181552 0.08203125
9 0.8308931185944363 0.7926432291666666 0.10029282576866765 0.13346354166666666
9 0.8931185944363104 0.9446614583333334 0.04319180087847731 0.0546875
9 0.9698023426061494 0.515625 0.06039531478770132 0.040364583333333336