9 0.350783308931186 0.5186588541666667 0.043923865300146414 0.19097656249999997
9 0.35962664714494874 0.3765234375 0.05307467057101025 0.13889322916666666
9 0.41087115666178625 0.4437890625 0.07137628111273792 0.09548177083333333
9 0.4142606149341142 0.234375 0.04909224011713031 0.13634114583333332
9 0.29620790629575405 0.2979817708333333 0.02984626647144949 0.078125
9 0.25945827232796487 0.3475520833333334 0.06448023426061493 0.053085937500000006
9 0.38813323572474384 0.7138932291666666 0.04251830161054173 0.03856770833333333
9 0.4696486090775988 0.68609375 0.024780380673499268 0.053085937500000006
9 0.49456808199121527 0.5493750000000001 0.018301610541727673 0.050078125
9 0.47922401171303075 0.5426171875 0.027027818448023426 0.03856770833333333
9 0.4296632503660322 0.5899479166666667 0.02646412884333821 0.053085937500000006
9 0.47500000000000003 0.3583203125 0.042232796486090775 0.07962239583333333
9 0.45232796486090776 0.21834635416666667 0.04645680819912152 0.08013020833333333
9 0.35125183016105416 0.27393229166666666 0.027877013177159588 0.045078125
9 0.5797364568081991 0.8623828124999999 0.039421669106881406 0.14322916666666666
9 0.5397584187408492 0.729921875 0.018579795021961932 0.07462239583333334
9 0.5529868228404099 0.6102213541666667 0.035475841874084924 0.08463541666666667
9 0.5245534407027819 0.5103125000000001 0.043360175695461196 0.0811328125
9 0.5422913616398243 0.4169140625 0.049553440702781844 0.07763020833333333
9 0.5396193265007321 0.3448046875 0.026185944363103956 0.047578125
9 0.5694582723279649 0.148984375 0.026749633967789163 0.07161458333333333
9 0.5282137628111273 0.14247395833333334 0.024780380673499268 0.056588541666666665
9 0.5691800878477306 0.19756510416666664 0.06109809663250366 0.07763020833333333
9 0.5689019033674964 0.35506510416666665 0.03407027818448023 0.037057291666666665
9 0.5849487554904831 0.4326953125 0.03969985358711566 0.067109375
9 0.6720937042459737 0.9682552083333333 0.1041800878477306 0.06348958333333334
9 0.7309370424597365 0.6297526041666667 0.10305270863836018 0.15674479166666666
9 0.732796486090776 0.4039713541666667 0.060029282576866766 0.142578125
9 0.7703147877013177 0.4410807291666667 0.03916544655929722 0.11783854166666667
9 0.7878843338213762 0.3776041666666667 0.03623718887262079 0.09114583333333333
9 0.8386383601756954 0.5053124999999999 0.07067349926793558 0.14824218749999998
9 0.7961200585651538 0.6876041666666667 0.06841874084919472 0.072109375
9 0.7772547584187408 0.638515625 0.08362371888726208 0.15123697916666667
9 0.8583455344070278 0.6052213541666667 0.03744509516837482 0.064609375
9 0.8522913616398243 0.6901041666666666 0.033784773060029284 0.05908854166666667
9 0.8048462664714495 0.80078125 0.06053440702781845 0.14122395833333332
9 0.9028330893118595 0.5819270833333333 0.05265007320644217 0.10617187500000001
9 0.9049414348462665 0.4244270833333333 0.042232796486090775 0.08162760416666666
9 0.8846705710102489 0.17803385416666664 0.057437774524158124 0.07662760416666667
9 0.956185944363104 0.6560546875000001 0.05969253294289898 0.051080729166666665
9 0.8963543191800879 0.6680729166666667 0.059407027818448026 0.04307291666666666
9 0.9357759882869693 0.5080598958333333 0.06898243045387994 0.08864583333333333
9 0.9623279648609078 0.4549739583333334 0.07534407027818447 0.19981770833333334
9 0.9653367496339679 0.23412760416666667 0.05715959004392386 0.05358072916666667
9 0.8445461200585652 0.30148437499999997 0.05434114202049781 0.05809895833333333
9 0.8410322108345534 0.3838671875 0.03773060029282577 0.069609375