9 0.6073352855051245 0.8328385416666667 0.09742313323572475 0.21934895833333334
9 0.4172767203513909 0.9351953125 0.049553440702781844 0.129609375
9 0.47190336749633965 0.9757552083333333 0.06644948755490483 0.048476562499999994
9 0.5462298682284041 0.8558723958333333 0.045051244509516836 0.12320312500000001
9 0.5760761346998535 0.7351822916666667 0.05068081991215227 0.07611979166666667
9 0.6363323572474378 0.6510416666666666 0.034912152269399706 0.0921484375
9 0.546515373352855 0.6059635416666667 0.0827818448023426 0.17627604166666666
9 0.522298682284041 0.9385026041666666 0.044487554904831625 0.10015625
9 0.6315446559297219 0.5318489583333333 0.03322108345534407 0.04407552083333333
9 0.5966325036603221 0.5684114583333334 0.024216691068814054 0.07111979166666667
9 0.6853221083455344 0.535859375 0.06194729136163983 0.05609375
9 0.7222108345534407 0.9376953124999999 0.07038799414348464 0.12459635416666666
9 0.7793704245973645 0.748203125 0.045051244509516836 0.08213541666666667
9 0.8294875549048316 0.9382031249999999 0.049553440702781844 0.12359375
9 0.8987481698389459 0.5934505208333333 0.045051244509516836 0.08313802083333334
9 0.8147877013177159 0.7975260416666666 0.10322108345534407 0.12890625
9 0.9375915080527086 0.8671875 0.026720351390922402 0.03515625
9 0.8803074670571011 0.9541015625 0.0424597364568082 0.051432291666666664
9 0.947108345534407 0.7327473958333334 0.039897510980966326 0.08528645833333333
9 0.9679721815519766 0.5289713541666666 0.06405563689604685 0.042317708333333336
9 0.9637628111273792 0.3776041666666667 0.07247437774524158 0.061197916666666664
9 0.21257686676427526 0.9462109375000001 0.05462664714494876 0.10757812500000001
9 0.26185212298682287 0.9144661458333333 0.06870424597364568 0.08213541666666667
9 0.4572620790629575 0.8027864583333333 0.042796486090775986 0.09114583333333333
9 0.5662225475841874 0.6345182291666667 0.028718887262079062 0.06510416666666667
9 0.9356368960468521 0.9477213541666667 0.04110541727672035 0.1045703125