6 0.49 0.5196548592188919 0.27142666666666665 0.5462579473206176
6 0.28857333333333335 0.41326067211625794 0.15238 0.2607992733878292
6 0.61476 0.1920345140781108 0.24475999999999998 0.2750772025431426
6 0.26619333333333334 0.2017620345140781 0.12095333333333334 0.2530154405086285
6 0.15142666666666665 0.19009082652134424 0.15428666666666668 0.125858310626703
2 0.20762 0.3756312443233424 0.11047333333333334 0.26858310626702997
6 0.16619333333333333 0.724014532243415 0.21809333333333333 0.2387465940054496
2 0.2833333333333333 0.6526521344232517 0.10571333333333333 0.17905540417801996
2 0.40476 0.04930971843778383 0.08 0.09861035422343324
2 0.3333333333333333 0.18749318801089918 0.08 0.11547683923705722
2 0.9309533333333334 0.7058492279745686 0.13809333333333332 0.22316984559491373