7 0.520893371757925 0.09910714285714285 0.20605187319884727 0.1982142857142857
2 0.5172910662824207 0.8214285714285714 0.08357348703170028 0.20714285714285716
7 0.10951008645533142 0.7803571428571429 0.207492795389049 0.26785714285714285
7 0.14697406340057637 0.5375 0.14985590778097982 0.25357142857142856
7 0.30403458213256485 0.19464285714285715 0.17002881844380405 0.25357142857142856
7 0.7867435158501441 0.2517857142857143 0.3285302593659942 0.2392857142857143
2 0.7089337175792507 0.15 0.1037463976945245 0.09285714285714286
7 0.8703170028818443 0.7928571428571428 0.1729106628242075 0.12857142857142856
7 0.6801152737752162 0.725 0.19020172910662825 0.2
2 0.5187319884726225 0.5875 0.09221902017291066 0.24642857142857144
7 0.3270893371757925 0.5660714285714286 0.11815561959654179 0.275
7 0.24639769452449567 0.31607142857142856 0.15273775216138327 0.275
7 0.44461095100864556 0.38139285714285714 0.25198847262247837 0.22603571428571428
7 0.7046109510086456 0.5482142857142858 0.2680115273775216 0.23214285714285715