8 0.20744868035190617 0.376421768707483 0.3214956011730205 0.2630340136054422
8 0.41882697947214076 0.292 0.15489736070381233 0.24489795918367346
2 0.4049169110459433 0.5928843537414966 0.1541446725317693 0.30455782312925167
2 0.5278592375366569 0.5573061224489796 0.048123167155425216 0.13500680272108845
2 0.5323753665689149 0.37938775510204087 0.046617790811339196 0.1412925170068027
8 0.5921505376344086 0.30507482993197277 0.21731182795698925 0.3192108843537415
2 0.7323851417399805 0.2684489795918367 0.19098729227761485 0.2480408163265306
2 0.7086999022482894 0.6975102040816326 0.21279569892473119 0.2752517006802721
2 0.7380254154447703 0.5258639455782312 0.033841642228739 0.09314285714285714
2 0.885405669599218 0.5777142857142857 0.042864125122189636 0.18210884353741497
2 0.9023264907135875 0.35269387755102044 0.057145650048875854 0.11512925170068028