10 0.3645294117647059 0.7763249516441006 0.25133333333333335 0.2162862669245648
10 0.3235294117647059 0.4079497098646035 0.15150980392156863 0.22858800773694393
10 0.7531176470588234 0.8806963249516441 0.19072549019607843 0.2386073500967118
10 0.6176470588235294 0.8571179883945841 0.0802156862745098 0.14593810444874275
10 0.9108823529411765 0.7146808510638298 0.1782549019607843 0.2162862669245648
10 0.4144313725490196 0.49576402321083174 0.16578431372549018 0.23210831721470018
10 0.40284313725490195 0.8808510638297872 0.12833333333333333 0.09495164410058028
10 0.5383333333333333 0.6170986460348162 0.1568627450980392 0.13715667311411991
10 0.6862745098039216 0.47729206963249515 0.10696078431372548 0.18462282398452612
10 0.5490196078431373 0.4676208897485493 0.14972549019607842 0.2039651837524178
10 0.7165686274509804 0.18541586073500968 0.20676470588235293 0.12133462282398452
10 0.7148039215686275 0.28914893617021276 0.1461764705882353 0.0756092843326886
10 0.8119411764705882 0.36036750483558994 0.16578431372549018 0.11253384912959381
10 0.5632745098039216 0.9659187620889749 0.24954901960784312 0.06816247582205029
10 0.3431372549019608 0.9527272727272728 0.16578431372549018 0.09452611218568664
10 0.8 0.4790522243713733 0.1411764705882353 0.1611798839458414
10 0.1803921568627451 0.27402321083172143 0.07319607843137255 0.10702127659574467
10 0.21896078431372548 0.3152804642166344 0.11633333333333333 0.09413926499032882
10 0.08170588235294118 0.6524758220502901 0.1633921568627451 0.11605415860735009
10 0.7829999999999999 0.6666731141199227 0.08366666666666667 0.0902707930367505
10 0.6261372549019607 0.39781431334622824 0.07319607843137255 0.11475822050290135