10 0.775377969762419 0.8722995679308689 0.175377969762419 0.1843494959193471
10 0.6688984881209503 0.3295727316370619 0.061771058315334776 0.0801728276524244
10 0.6354211663066954 0.36821891502640425 0.0898488120950324 0.07969275084013443
10 0.6265658747300216 0.16514642342774843 0.3071274298056155 0.1497839654344695
10 0.12721382289416847 0.6466634661545847 0.25356371490280777 0.6308209313490158
10 0.27473002159827214 0.5091214594335094 0.1978401727861771 0.2328372539606337
10 0.49330453563714904 0.45175228036485837 0.09244060475161987 0.15074411905904944
10 0.4064794816414687 0.4071051368218915 0.11231101511879049 0.1603456553048488
10 0.49611231101511877 0.6675468074891983 0.1473002159827214 0.22899663946231397
10 0.7319654427645789 0.6303408545367258 0.1913606911447084 0.11617858857417186
10 0.8559395248380129 0.7208353336533846 0.28812095032397406 0.14258281325012
10 0.6565874730021598 0.8089294287085934 0.16501079913606911 0.2169947191550648
10 0.27732181425485963 0.9498319731156986 0.1693304535637149 0.10033605376860298
10 0.2591792656587473 0.8218915026404224 0.08120950323974083 0.10945751320211233
10 0.6004319654427646 0.6015362457993279 0.07775377969762419 0.06817090734517522
10 0.6272138228941685 0.5520883341334614 0.06738660907127429 0.0729716754680749
10 0.40777537796976243 0.5199231877100337 0.1572354211663067 0.1257801248199712
10 0.46004319654427644 0.1329812770043207 0.10107991360691145 0.09121459433509362
10 0.4431965442764579 0.22467594815170427 0.08812095032397409 0.11329812770043207
10 0.37883369330453565 0.09745559289486318 0.10107991360691145 0.09313490158425348
10 0.5265658747300216 0.05808929428708593 0.20129589632829373 0.11617858857417186
10 0.19460043196544277 0.19467114738358138 0.3831533477321814 0.19251080172827653
10 0.5568034557235421 0.23763802208353338 0.09244060475161987 0.056649063850216036
10 0.5360691144708424 0.28468554968795007 0.08380129589632829 0.08353336533845415
10 0.4509719222462203 0.3384541526644263 0.09676025917926566 0.1084973595775324
10 0.7058315334773219 0.5122419587133942 0.06393088552915767 0.11809889582333173
10 0.6302375809935206 0.470955352856457 0.042332613390928725 0.09889582333173308
10 0.5382289416846652 0.5520883341334614 0.08120950323974083 0.08065290446471435