10 0.709 0.94 0.062 0.12
10 0.17533333333333334 0.3313333333333333 0.050666666666666665 0.04666666666666667
10 0.2713333333333333 0.5133333333333333 0.044 0.12266666666666666
10 0.40652666666666665 0.4314266666666667 0.05895333333333334 0.11618666666666667
10 0.5313333333333333 0.49333333333333335 0.03866666666666667 0.04533333333333334
10 0.5652866666666666 0.42142666666666667 0.04257333333333333 0.07181333333333333
10 0.527 0.594 0.03 0.04933333333333333
10 0.8449533333333333 0.47228 0.030666666666666665 0.07866666666666666
10 0.5926666666666667 0.7673333333333333 0.036 0.08133333333333333
10 0.2 0.24533333333333332 0.032 0.064
10 0.64214 0.8680933333333334 0.046193333333333336 0.04476
2 0.07238 0.46857333333333334 0.07619333333333334 0.12952
2 0.06642666666666666 0.09714666666666667 0.048093333333333335 0.05905333333333333
2 0.02357333333333333 0.4228533333333333 0.02524 0.04
10 0.6559533333333333 0.7066666666666667 0.01762 0.06285333333333333
10 0.6392866666666667 0.6809466666666666 0.013806666666666667 0.07618666666666667
10 0.42475999999999997 0.6738133333333334 0.03333333333333333 0.04476
10 0.45666666666666667 0.6928533333333333 0.014286666666666666 0.05809333333333334
10 0.44738000000000006 0.6171466666666667 0.020473333333333333 0.05333333333333334