10 0.4524867724867725 0.8015267175572519 0.10472663139329806 0.2767175572519084
10 0.5175308641975309 0.5923918575063614 0.12675485008818344 0.09381679389312976
10 0.2932098765432099 0.11529262086513996 0.15211640211640212 0.12882951653944022
10 0.19952380952380952 0.6480661577608142 0.06393298059964726 0.1574554707379135
10 0.6233509700176367 0.8078880407124682 0.16865961199294532 0.20674300254452926
10 0.37973544973544976 0.586030534351145 0.11354497354497353 0.1129262086513995
10 0.21439153439153438 0.3904325699745547 0.08047619047619048 0.14791348600508908
10 0.512010582010582 0.051679389312977095 0.15984126984126984 0.10338422391857507
10 0.7721516754850088 0.12246819338422392 0.05181657848324515 0.11768447837150127
10 0.873015873015873 0.12246819338422392 0.12125220458553791 0.13358778625954199
10 0.8879012345679013 0.34908396946564885 0.208342151675485 0.3260050890585242
10 0.359347442680776 0.2973791348600509 0.1146384479717813 0.09541984732824428
10 0.31250440917107586 0.8746819338422391 0.19952380952380952 0.23536895674300254
10 0.8564902998236331 0.8928244274809161 0.10141093474426807 0.2143765903307888
10 0.599647266313933 0.6631806615776081 0.12786596119929453 0.1717557251908397
10 0.6321693121693122 0.2989821882951654 0.11573192239858908 0.15903307888040713
10 0.5594179894179894 0.21389312977099237 0.10252204585537919 0.12246819338422392
10 0.8410582010582011 0.5916030534351145 0.05952380952380952 0.11768447837150127
10 0.8537213403880071 0.47470737913486005 0.08268077601410935 0.09702290076335879
10 0.7997178130511464 0.40076335877862596 0.08708994708994709 0.15903307888040713
10 0.07991181657848324 0.44689567430025445 0.15984126984126984 0.18129770992366412
10 0.1311816578483245 0.8063104325699746 0.09038800705467372 0.13358778625954199
10 0.040229276895943564 0.9254198473282442 0.08047619047619048 0.14918575063613232
10 0.07275132275132275 0.6186513994910942 0.09259259259259259 0.1272264631043257
10 0.806331569664903 0.771323155216285 0.07386243386243387 0.11450381679389313
10 0.7104232804232804 0.6544274809160305 0.06063492063492064 0.08430025445292622
10 0.718694885361552 0.263206106870229 0.08597883597883597 0.1478880407124682
10 0.9596649029982364 0.8595674300254453 0.08068783068783068 0.19562340966921118