10 0.315 0.14269406392694065 0.15 0.20319634703196346
10 0.794 0.15212328767123287 0.184 0.1461187214611872
10 0.41412 0.7885388127853881 0.14026 0.2254566210045662
10 0.578 0.4509132420091324 0.128 0.12557077625570776
10 0.071 0.5068493150684932 0.138 0.1643835616438356
10 0.10312 0.19278538812785387 0.08974 0.14812785388127853
10 0.21287999999999999 0.18365296803652967 0.09176000000000001 0.12073059360730594
10 0.599 0.22360730593607306 0.089 0.13840182648401825
10 0.7785 0.4751598173515982 0.34 0.2146118721461187
10 0.804 0.6271461187214612 0.276 0.19721461187214612
10 0.435 0.6205707762557078 0.2205 0.21545662100456622
10 0.68862 0.8230593607305936 0.28224 0.3538812785388128