10 0.17243846153846154 0.763946711074105 0.21409999999999998 0.2289758534554538
10 0.4487153846153846 0.7354954204829309 0.16923076923076924 0.25534554537885096
10 0.5878230769230769 0.5405245628642797 0.1782076923076923 0.10130724396336387
10 0.7916692307692308 0.6890091590341382 0.1628230769230769 0.21787676935886763
10 0.4153846153846154 0.1741631973355537 0.15640769230769233 0.11796003330557868
10 0.2403846153846154 0.5696669442131557 0.15256153846153847 0.17901748542880933
10 0.3935923076923077 0.4704412989175687 0.07692307692307693 0.09159034138218151
10 0.425 0.3316652789342215 0.0935923076923077 0.14154870940882597
10 0.5615384615384615 0.2844879267277269 0.09486923076923076 0.08881765195670274
10 0.8032076923076924 0.37815986677768526 0.08846153846153847 0.14848459616985846
10 0.8551307692307692 0.5585595337218985 0.2897461538461539 0.1540383014154871
10 0.48974615384615383 0.36567027477102415 0.10513076923076922 0.1429392173189009
10 0.6621769230769231 0.35872606161532056 0.07051538461538462 0.14571190674437967
10 0.7532076923076922 0.06383846794338052 0.23205384615384617 0.12766860949208994
10 0.4807692307692308 0.04648626144879267 0.17436153846153846 0.09298084929225646
10 0.5564076923076924 0.18942547876769358 0.056407692307692305 0.10685262281432141
10 0.683976923076923 0.8652539550374688 0.15256153846153847 0.10130724396336387
10 0.49166923076923075 0.5592589508742714 0.07563846153846154 0.13599500416319735
10 0.6128230769230769 0.08742714404662781 0.09743846153846154 0.14710241465445462