10 0.4866666666666667 0.42557098765432094 0.10666666666666667 0.15516203703703704
10 0.6528571428571428 0.4776929012345679 0.10380952380952381 0.038580246913580245
10 0.5014285714285714 0.2593287037037037 0.07904761904761905 0.05246913580246913
10 0.5685714285714286 0.305625 0.0838095238095238 0.041666666666666664
10 0.4604761904761905 0.274375 0.06190476190476191 0.08256172839506173
10 0.3495238095238095 0.33340277777777777 0.07809523809523809 0.06944444444444445
10 0.39380952380952383 0.42792438271604943 0.07904761904761905 0.14737654320987653
10 0.5823809523809523 0.13580246913580246 0.09238095238095238 0.1095679012345679
10 0.6228571428571429 0.2029320987654321 0.0761904761904762 0.027777777777777776
10 0.5947619047619047 0.4066358024691358 0.12666666666666668 0.044753086419753084
10 0.6519047619047619 0.3738425925925926 0.09619047619047619 0.04243827160493827
10 0.6171428571428571 0.5532407407407407 0.13904761904761906 0.08796296296296297
10 0.7404761904761905 0.3422067901234568 0.058095238095238096 0.05169753086419753
10 0.764447619047619 0.5012885802469136 0.08761904761904762 0.08590277777777777
10 0.7914285714285715 0.41332561728395056 0.12380952380952381 0.05401234567901234
10 0.6812666666666667 0.4503626543209876 0.05206666666666667 0.029320987654320986
10 0.7422190476190477 0.44675925925925924 0.04825714285714286 0.023148148148148147
10 0.8930190476190476 0.4935725308641975 0.07936190476190476 0.04372685185185185
10 0.8184095238095238 0.5653317901234568 0.09523809523809523 0.18724537037037037
10 0.7361904761904762 0.6422453703703704 0.15936190476190476 0.1960108024691358
10 0.8488857142857144 0.6692592592592592 0.18666666666666668 0.17181327160493826
10 0.7650761904761905 0.5388348765432099 0.05840952380952381 0.032407407407407406
10 0.7714285714285715 0.29475308641975306 0.07873333333333334 0.09876543209876543
2 0.8803142857142857 0.17540895061728395 0.16952380952380952 0.11522376543209878
2 0.8758761904761905 0.30993055555555554 0.07682857142857143 0.0787037037037037
2 0.9647619047619047 0.41409722222222217 0.07047619047619047 0.060702160493827165
10 0.48063809523809525 0.6897916666666667 0.17650476190476191 0.2756712962962963
10 0.3304761904761905 0.595679012345679 0.12 0.0823070987654321
10 0.22317142857142858 0.5370370370370371 0.1619047619047619 0.1028780864197531
10 0.10428571428571429 0.8121141975308642 0.20857142857142857 0.13503086419753085
10 0.6104761904761905 0.9328703703703703 0.17523809523809525 0.08796296296296297