1 0.39985590778097985 0.5943333333333334 0.24495677233429394 0.19098148148148147
1 0.40527377521613833 0.2957222222222222 0.1909221902017291 0.2095
1 0.20354466858789624 0.6030185185185185 0.40706051873198845 0.22916666666666666
1 0.8294236311239194 0.7262777777777778 0.22152737752161383 0.23264814814814813
1 0.525043227665706 0.3906296296296296 0.17109510086455332 0.23031481481481483
1 0.11887608069164265 0.12385185185185184 0.2377521613832853 0.1527777777777778
1 0.19902017291066282 0.03298148148148148 0.29720461095100864 0.06598148148148149
1 0.6231988472622478 0.48553703703703704 0.1909221902017291 0.08911111111111111
1 0.590057636887608 0.6106481481481482 0.21469740634005763 0.18796296296296297
1 0.22910662824207492 0.8634259259259259 0.23919308357348704 0.19537037037037036
1 0.6815561959654178 0.8856481481481482 0.3170028818443804 0.15462962962962962