8 0.74765625 0.2859375 0.1375 0.290625
8 0.364359375 0.15507291666666667 0.1978515625 0.23515625
8 0.348828125 0.440625 0.15390625 0.41458333333333336
8 0.22890625 0.4119791666666667 0.1515625 0.246875
8 0.42803125 0.8638020833333333 0.2255859375 0.27239583333333334
8 0.1618203125 0.7653645833333333 0.1537109375 0.26666666666666666
8 0.5887734375 0.38997916666666665 0.1974609375 0.4778645833333333
8 0.521 0.8431041666666667 0.0810546875 0.11588541666666667
8 0.916015625 0.2981770833333333 0.16796875 0.375
8 0.703625 0.6087291666666667 0.1552734375 0.17317708333333334
8 0.615734375 0.7220104166666667 0.1826171875 0.23828125
8 0.3066484375 0.71875 0.111328125 0.11458333333333333
8 0.0512734375 0.38671875 0.1025390625 0.4869791666666667
8 0.1645546875 0.5338541666666666 0.1123046875 0.22395833333333334
8 0.0512734375 0.7747395833333334 0.1025390625 0.2552083333333333