2 0.25792 0.5636966394187103 0.16083333333333333 0.3871480472297911
2 0.4066666666666667 0.49727520435967304 0.15 0.41099000908265215
2 0.5033333333333333 0.4796821071752952 0.08333333333333333 0.21911898274296093
2 0.15338666666666667 0.4234786557674841 0.18823333333333334 0.29518619436875565
2 0.11843333333333333 0.6068392370572208 0.13 0.31902815622161673
2 0.33135333333333333 0.39509536784741145 0.0425 0.09990917347865577
2 0.3213533333333333 0.2866757493188011 0.035833333333333335 0.1055858310626703
2 0.645 0.17314259763851045 0.14666666666666667 0.18278837420526794
2 0.7462533333333334 0.3014350590372389 0.13083333333333333 0.1918710263396912
2 0.6041666666666666 0.424613987284287 0.14166666666666666 0.10899182561307902
2 0.6766666666666666 0.5852679382379655 0.16 0.3235694822888283
2 0.8533333333333334 0.4439146230699364 0.21833333333333332 0.17029972752043596
2 0.8158333333333333 0.6795004541326067 0.25666666666666665 0.34400544959128065
2 0.7912533333333334 0.28610354223433243 0.2025 0.17938237965485923
2 0.5462533333333334 0.3315168029064487 0.11083333333333334 0.05903723887375113