2 0.18587618048268623 0.4472538461538461 0.22485834207764951 0.18461538461538463
2 0.44445960125918155 0.4626384615384615 0.1843756558237146 0.23516153846153845
2 0.6183525708289611 0.4956076923076923 0.163389296956978 0.24615384615384617
2 0.7330220356768101 0.3379153846153846 0.13190975865687302 0.12417692307692309
2 0.6850577124868835 0.5329692307692308 0.16488982161594962 0.24615384615384617
2 0.2968100734522561 0.3192307692307692 0.0719517313746065 0.09560769230769231
2 0.4017418677859392 0.32966923076923077 0.10793284365162645 0.05714615384615385
2 0.17912906610703044 0.2736230769230769 0.05845750262329486 0.05714615384615385
2 0.22710388247639035 0.31648461538461536 0.0944386149003148 0.03956153846153846
2 0.0944386149003148 0.3511 0.1259181532004197 0.06483846153846154
2 0.1251731374606506 0.2065923076923077 0.06746065057712487 0.06153846153846154
2 0.5149108079748164 0.18296923076923077 0.22335781741867788 0.13516153846153847
2 0.5891185729275971 0.28186923076923076 0.07495278069254985 0.06043846153846153
2 0.5463903462749213 0.3489 0.04347324239244491 0.05823846153846153
2 0.2615844700944386 0.2324153846153846 0.08244491080797481 0.04725384615384615
2 0.21073452256033579 0.23557692307692307 0.11193074501573977 0.11089999999999998