0 0.2542578125 0.39958333333333335 0.422578125 0.3707682291666667
0 0.54345703125 0.6433984375 0.1982421875 0.3642578125
0 0.739013671875 0.6069401041666667 0.096220703125 0.2353515625
0 0.675419921875 0.4957682291666667 0.070068359375 0.109375
0 0.689697265625 0.29865885416666665 0.08251953125 0.13899739583333334
0 0.514775390625 0.17040364583333334 0.271240234375 0.3180338541666667
0 0.48681640625 0.4817708333333333 0.1103515625 0.19270833333333334
0 0.877314453125 0.5363020833333333 0.13990234375 0.12076822916666667
0 0.857275390625 0.8214583333333333 0.28544921875 0.3570963541666667
0 0.333115234375 0.6778124999999999 0.284287109375 0.24161458333333333
0 0.82736328125 0.27126302083333337 0.133466796875 0.14033854166666668