2 0.3945086119554205 0.22596153846153846 0.2874873353596758 0.27307692307692305
2 0.5604154002026343 0.3548076923076923 0.2368287740628166 0.19807692307692307
2 0.15704154002026344 0.5610615384615385 0.21783181357649442 0.18365384615384617
2 0.27799392097264436 0.5163461538461539 0.19123606889564337 0.10961538461538461
2 0.1887031408308004 0.6860615384615385 0.11398176291793313 0.07019230769230769
2 0.31534954407294835 0.6331769230769231 0.08865248226950355 0.047115384615384615
2 0.43059777102330293 0.725 0.08358662613981763 0.08269230769230769
2 0.543951367781155 0.5663461538461538 0.1887031408308004 0.08653846153846154
2 0.47112462006079026 0.6288461538461538 0.08358662613981763 0.06346153846153846
2 0.668693009118541 0.6629846153846154 0.3698074974670719 0.14903846153846154
2 0.5255825734549139 0.8735615384615385 0.31661600810536983 0.10865384615384616
2 0.3413171225937183 0.5144230769230769 0.19123606889564337 0.04423076923076923