2 0.29755384615384617 0.5538140020898642 0.1055923076923077 0.24508881922675027
2 0.2360153846153846 0.1619644723092999 0.18671538461538462 0.14533960292580983
2 0.5699307692307692 0.23557993730407523 0.26153846153846155 0.17288401253918495
2 0.3863615384615384 0.40847439916405437 0.05244615384615385 0.1177951933124347
2 0.38566153846153844 0.27215256008359456 0.04405384615384616 0.12253918495297805
2 0.41468461538461543 0.34007314524555904 0.06013846153846154 0.06839080459770115
2 0.5021 0.37570532915360505 0.07832307692307691 0.09784743991640543
2 0.40349999999999997 0.6507105538140021 0.15664615384615382 0.34199582027168235
2 0.5307692307692308 0.6849216300940439 0.13986153846153845 0.3286833855799373
2 0.6160846153846153 0.6450261233019854 0.051746153846153845 0.12158829676071055
2 0.47619999999999996 0.521483803552769 0.07548461538461539 0.1482549634273772
2 0.5413461538461538 0.35560083594566355 0.04326923076923077 0.10515151515151515
2 0.5355769230769231 0.4313584117032393 0.04230769230769231 0.04114942528735632
2 0.6935076923076923 0.41863113897596654 0.24952307692307693 0.2115987460815047
2 0.6533692307692308 0.536833855799373 0.06923076923076923 0.0849007314524556
2 0.7814923076923077 0.6638557993730407 0.28125384615384613 0.29585161964472306
2 0.27836923076923076 0.2553605015673981 0.058653846153846154 0.05747126436781609
2 0.3021615384615385 0.39707419017763845 0.044715384615384615 0.05877742946708464
2 0.34086923076923076 0.42221525600835946 0.04807692307692308 0.04376175548589342
2 0.40625384615384613 0.4555276907001045 0.046153846153846156 0.05551724137931035
2 0.4536076923076923 0.48066875653082547 0.03702307692307692 0.050940438871473356