8 0.6740196078431373 0.514859068627451 0.1919934640522876 0.18229166666666666
8 0.7708333333333334 0.28668811274509803 0.17647058823529413 0.25474877450980393
8 0.45383986928104575 0.2662377450980392 0.2536764705882353 0.20588235294117646
8 0.11151960784313726 0.13771446078431374 0.20016339869281047 0.22028186274509803
8 0.4730392156862745 0.7725183823529411 0.16830065359477125 0.13817401960784315
8 0.42054738562091504 0.6838235294117647 0.2005718954248366 0.09620098039215687
8 0.8633578431372549 0.40908394607843135 0.2062908496732026 0.18275122549019607
8 0.35610702614379086 0.5314031862745098 0.400531045751634 0.1798406862745098
8 0.4826388888888889 0.09114583333333333 0.2667483660130719 0.16758578431372548
8 0.7817606209150327 0.08003982843137254 0.1337826797385621 0.16007965686274508
8 0.9580269607843137 0.3979013480392157 0.08394607843137254 0.11565563725490197