10 0.5966666666666667 0.6588888888888889 0.10666666666666667 0.08666666666666667
10 0.5171333333333333 0.8179777777777777 0.1009 0.10262222222222223
10 0.6416666666666667 0.7311111111111112 0.09666666666666666 0.04888888888888889
10 0.7816666666666666 0.7344444444444445 0.13666666666666666 0.06888888888888889
10 0.8616666666666667 0.49 0.08333333333333333 0.08222222222222222
10 0.7866666666666666 0.41 0.12 0.09555555555555556
10 0.08 0.5441333333333334 0.14 0.08868888888888889
10 0.16333333333333333 0.5653555555555555 0.10666666666666667 0.053533333333333336
10 0.3680333333333333 0.6177777777777778 0.1294 0.06666666666666667
10 0.45256666666666673 0.5931333333333334 0.10816666666666667 0.07071111111111111
10 0.5468333333333334 0.5066666666666667 0.11969999999999999 0.06666666666666667
10 0.7295333333333334 0.8560666666666668 0.0985 0.04142222222222222
10 0.5113666666666666 0.7136444444444444 0.06213333333333333 0.03535555555555556
10 0.7825666666666667 0.47626666666666667 0.07423333333333333 0.04948888888888889