8 0.32508888888888887 0.15301003344481606 0.19018888888888888 0.3060200668896321
8 0.13444444444444445 0.4052341137123746 0.20222222222222222 0.2391304347826087
8 0.19944444444444445 0.7668561872909698 0.16555555555555557 0.3219063545150502
8 0.3790777777777778 0.6828260869565217 0.17814444444444447 0.29041806020066885
8 0.5066666666666667 0.5175585284280937 0.13555555555555557 0.33277591973244147
8 0.6138888888888889 0.2565551839464883 0.22333333333333333 0.2589130434782609
8 0.5425888888888889 0.8574414715719063 0.33147777777777776 0.28511705685618727
8 0.7851888888888888 0.9273913043478261 0.06111111111111111 0.10451505016722408
8 0.9226888888888889 0.8054682274247492 0.15463333333333332 0.2564046822742475
8 0.9416666666666667 0.368561872909699 0.11666666666666667 0.477943143812709
8 0.3115777777777778 0.3630100334448161 0.08241111111111112 0.12123745819397994
8 0.1287 0.5629933110367893 0.14074444444444445 0.23968227424749167