10 0.7636887608069164 0.49464285714285716 0.08069164265129683 0.18214285714285713
10 0.41414985590778103 0.33214285714285713 0.10210374639769453 0.12857142857142856
10 0.3659942363112392 0.37857142857142856 0.1440922190201729 0.08571428571428572
10 0.34870317002881845 0.6303571428571428 0.1037463976945245 0.11071428571428571
10 0.2665706051873199 0.6107142857142858 0.13544668587896252 0.15
10 0.42363112391930835 0.5089285714285714 0.1440922190201729 0.15357142857142858
10 0.46005763688760803 0.7321428571428571 0.10910662824207493 0.14796428571428571
10 0.6195965417867435 0.7665714285714286 0.11527377521613832 0.19132142857142856
10 0.10968299711815563 0.8135 0.14570605187319885 0.19842857142857143
10 0.30178674351585016 0.32042857142857145 0.08806916426512967 0.11707142857142858
10 0.7084438040345822 0.35614285714285715 0.062449567723342946 0.09325
10 0.6244092219020173 0.3809642857142857 0.11207492795389049 0.11903571428571429