2 0.3026197458455523 0.6745986394557822 0.08064516129032258 0.24489795918367346
2 0.3694232649071359 0.6173469387755102 0.0773900293255132 0.13718367346938776
2 0.23826979472140764 0.39002721088435377 0.13115347018572823 0.17687074829931973
2 0.1267546432062561 0.5317414965986395 0.22220918866080155 0.1655374149659864
2 0.314613880742913 0.30159183673469386 0.1466275659824047 0.16099319727891157
2 0.4681622678396872 0.43594557823129254 0.13115347018572823 0.08050340136054422
2 0.6380058651026392 0.6065714285714285 0.16454545454545455 0.2653061224489796
2 0.631485826001955 0.41043537414965986 0.1906158357771261 0.0997687074829932
2 0.5689149560117303 0.19410884353741495 0.15249266862170088 0.24853061224489795
2 0.8820430107526882 0.5228979591836734 0.20527859237536658 0.14602721088435375
2 0.7810361681329423 0.6362857142857143 0.11664711632453567 0.25487074829931977
2 0.7331378299120235 0.3614557823129252 0.05474095796676442 0.22221768707482994
2 0.6552590420332356 0.363265306122449 0.0775464320625611 0.20771428571428568
2 0.5764125122189638 0.8793605442176872 0.13228739002932552 0.09160544217687075
2 0.45389051808406644 0.876639455782313 0.07363636363636364 0.08616326530612245
2 0.530791788856305 0.9337823129251701 0.06712609970674487 0.09523809523809523