2 0.5053095238095239 0.5421666666666667 0.49490476190476196 0.5214523809523809
2 0.16496031746031745 0.8964021164021164 0.2721468253968254 0.2071957671957672
2 0.3227777777777778 0.18666931216931218 0.1899404761904762 0.1571190476190476
2 0.06298015873015873 0.20180423280423282 0.12596031746031747 0.22486772486772486
2 0.30753968253968256 0.3051137566137566 0.31613888888888886 0.11463756613756614
2 0.41865079365079366 0.0365952380952381 0.1415357142857143 0.0731931216931217
2 0.8505277777777778 0.16225661375661377 0.11904761904761904 0.10934656084656084
2 0.7817460317460317 0.30246825396825394 0.12433730158730158 0.08994708994708994
2 0.5145515873015873 0.9047619047619048 0.3280436507936508 0.19047619047619047
2 0.7566150793650794 0.8417116402116402 0.08465476190476191 0.08553703703703704
2 0.9345238095238095 0.8747804232804233 0.08862301587301588 0.09700264550264551