2 0.3812 0.37115744680851065 0.32136923076923074 0.19385531914893617
2 0.2312 0.18486808510638297 0.15128461538461538 0.2676085106382979
2 0.13974615384615383 0.2695063829787234 0.09145384615384615 0.18534468085106384
2 0.18033846153846153 0.4 0.11966153846153846 0.13805957446808512
2 0.2816230769230769 0.5683234042553191 0.1359 0.10401702127659575
2 0.40812307692307687 0.5853446808510638 0.15128461538461538 0.07376170212765958
2 0.43119999999999997 0.7167829787234042 0.2401692307692308 0.19668936170212767
2 0.18892307692307692 0.706859574468085 0.2768615384615385 0.21465531914893618
2 0.9004307692307691 0.7063829787234043 0.09316153846153846 0.1550808510638298
2 0.8376076923076924 0.7933787234042553 0.12649230769230768 0.10401702127659575
2 0.7123923076923077 0.7711574468085106 0.24187692307692307 0.20520000000000002
2 0.8004307692307692 0.5432595744680851 0.1735076923076923 0.328136170212766
2 0.7264923076923078 0.32623829787234043 0.14359230769230769 0.0851063829787234
2 0.5906 0.30638297872340425 0.15555384615384615 0.13239148936170214
2 0.5615384615384615 0.18534468085106384 0.24273846153846154 0.1739914893617021
2 0.8012846153846155 0.1702127659574468 0.24700769230769232 0.23262127659574466