2 0.19653333333333334 0.19946808510638298 0.32084444444444443 0.15159574468085107
2 0.15764444444444445 0.6422978723404256 0.23195555555555555 0.22872340425531915
2 0.2742 0.4528936170212766 0.08491111111111112 0.13525531914893618
2 0.4095333333333333 0.41338297872340424 0.06984444444444445 0.11853191489361703
2 0.32302222222222227 0.6147446808510638 0.06666666666666667 0.13829787234042554
2 0.47419999999999995 0.5957446808510638 0.09126666666666666 0.05470212765957447
2 0.4638888888888889 0.26214893617021273 0.08651111111111111 0.07902127659574468
2 0.6492 0.12880851063829787 0.2762 0.16793617021276597
2 0.610311111111111 0.23442553191489363 0.09206666666666667 0.06763829787234042
2 0.5670666666666667 0.4601063829787234 0.09444444444444444 0.11321276595744681
2 0.7730444444444444 0.4490851063829787 0.3079777777777778 0.27204255319148934
2 0.34726666666666667 0.5672553191489362 0.04682222222222222 0.1041063829787234
2 0.5552 0.8012765957446809 0.3563555555555556 0.22414893617021275
2 0.7186888888888889 0.6952765957446808 0.11191111111111111 0.07751063829787234
2 0.804 0.8153404255319149 0.10157777777777778 0.13678723404255322
2 0.9095555555555556 0.6815957446808512 0.10157777777777778 0.06231914893617021