1 0.36125 0.18754444444444443 0.2925 0.1827
1 0.75375 0.28055555555555556 0.28583333333333333 0.17222222222222222
1 0.835 0.14 0.25666666666666665 0.17555555555555555
1 0.8957166666666666 0.5058777777777778 0.17118333333333333 0.43777777777777777
1 0.7245833333333334 0.6455555555555555 0.16083333333333333 0.4088888888888889
1 0.5441666666666667 0.5133333333333333 0.18333333333333332 0.42444444444444446
1 0.14875 0.10578888888888888 0.2898833333333333 0.20333333333333334
1 0.10833333333333334 0.39611111111111114 0.11833333333333333 0.35888888888888887
1 0.07625 0.7354777777777777 0.08416666666666667 0.2931777777777778
1 0.18291666666666667 0.7614333333333333 0.13916666666666666 0.33618888888888887
1 0.38479166666666664 0.6958333333333333 0.19791666666666666 0.5372222222222223
1 0.6233333333333333 0.9176222222222222 0.25 0.1365111111111111
1 0.41333333333333333 0.41833333333333333 0.08833333333333333 0.28555555555555556
1 0.31166666666666665 0.375 0.08166666666666667 0.12777777777777777
1 0.5866666666666667 0.13333333333333333 0.25833333333333336 0.26666666666666666
1 0.8629166666666667 0.8673000000000001 0.22916666666666666 0.16984444444444446
1 0.8233333333333334 0.7544444444444445 0.08833333333333333 0.10666666666666667
1 0.23856666666666665 0.5366666666666666 0.201525 0.4666666666666667
1 0.6229 0.7539666666666667 0.13065 0.12063333333333333