0 0.25857843137254904 0.8465073529411765 0.20669934640522875 0.1329656862745098
0 0.8435457516339869 0.7313112745098039 0.1576797385620915 0.23835784313725492
0 0.5099428104575163 0.6737867647058823 0.2546323529411765 0.25985906862745095
0 0.8540277777777777 0.5198100490196079 0.2919362745098039 0.18586397058823528
0 0.3458578431372549 0.6735110294117648 0.09258986928104575 0.20526960784313725
0 0.6774264705882352 0.6147855392156863 0.12118464052287582 0.1409313725490196
0 0.49799836601307185 0.2804656862745098 0.22950163398692813 0.28129289215686276
0 0.3929003267973856 0.22391544117647058 0.15894607843137257 0.21167279411764706
0 0.30080065359477126 0.39048406862745094 0.12923202614379087 0.10583946078431372
0 0.11066176470588235 0.516936274509804 0.09061274509803921 0.14371936274509806
0 0.1522549019607843 0.869264705882353 0.08615196078431372 0.10193627450980393
0 0.13665849673202615 0.6038296568627451 0.16637254901960782 0.14037377450980393
0 0.20090686274509803 0.1682046568627451 0.1507761437908497 0.21832107843137255
0 0.3639297385620915 0.5063480392156863 0.06090686274509804 0.061274509803921566
0 0.49947712418300655 0.45928308823529407 0.1091830065359477 0.08299632352941176
0 0.6554575163398693 0.8116115196078431 0.1418627450980392 0.14371936274509806
0 0.5893545751633987 0.731672794117647 0.0943218954248366 0.08634191176470588
0 0.5934395424836602 0.5826654411764706 0.09061274509803921 0.07352941176470588