10 0.8337928921568627 0.8968545751633987 0.08854166666666667 0.2062908496732026
10 0.5954350490196079 0.9105392156862745 0.07383578431372549 0.09803921568627451
10 0.5016850490196079 0.7279411764705882 0.1014093137254902 0.12336601307189543
10 0.5508578431372549 0.08108660130718955 0.058823529411764705 0.0690359477124183
10 0.4840686274509804 0.1235702614379085 0.04779411764705882 0.06576797385620915
10 0.5356924019607843 0.2369281045751634 0.06709558823529412 0.05718954248366013
10 0.44424019607843135 0.20833333333333334 0.08823529411764706 0.059640522875817
10 0.742953431372549 0.22099673202614378 0.06862745098039216 0.0857843137254902
10 0.5548406862745098 0.4446486928104575 0.11642156862745098 0.11233660130718955
10 0.7801776960784313 0.6239787581699346 0.060355392156862746 0.0959967320261438
10 0.7933517156862745 0.4113562091503268 0.07628676470588236 0.08251633986928104
10 0.7775735294117647 0.3553921568627451 0.05698529411764706 0.059640522875817
10 0.10784313725490197 0.39052287581699346 0.06066176470588235 0.12009803921568628
10 0.28707107843137253 0.8204656862745098 0.15196078431372548 0.11642156862745098
10 0.1879595588235294 0.914828431372549 0.08057598039215687 0.17034313725490197
10 0.23100490196078433 0.6901552287581699 0.07536764705882353 0.1352124183006536
10 0.47870710784313725 0.6601307189542484 0.06403186274509803 0.12745098039215685
10 0.39644607843137253 0.5463643790849673 0.09252450980392157 0.08455882352941177
10 0.4869791666666667 0.4963235294117647 0.08425245098039216 0.08333333333333333
10 0.29411764705882354 0.09865196078431372 0.05514705882352941 0.09109477124183006
10 0.3005514705882353 0.23100490196078433 0.06924019607843138 0.1156045751633987
10 0.20450367647058823 0.17320261437908496 0.050551470588235295 0.10294117647058823
10 0.14338235294117646 0.2512254901960784 0.06004901960784314 0.1576797385620915
10 0.3112745098039216 0.5351307189542484 0.04044117647058824 0.08496732026143791
10 0.14736519607843138 0.42769607843137253 0.03615196078431373 0.0857843137254902
10 0.06924019607843138 0.4852941176470588 0.13848039215686275 0.07679738562091504
10 0.23774509803921567 0.10866013071895425 0.029411764705882353 0.07352941176470588
10 0.24571078431372548 0.17279411764705882 0.03553921568627451 0.04330065359477124
10 0.22028186274509803 0.44607843137254904 0.02389705882352941 0.04738562091503268
10 0.42800245098039214 0.3431372549019608 0.05821078431372549 0.07352941176470588
10 0.6939338235294118 0.41748366013071897 0.07291666666666667 0.06535947712418301
10 0.7405024509803921 0.5522875816993464 0.04718137254901961 0.06535947712418301
10 0.7956495098039216 0.49550653594771243 0.03982843137254902 0.03839869281045752
10 0.8244485294117647 0.5265522875816994 0.05330882352941176 0.06944444444444445
10 0.7068014705882353 0.34967320261437906 0.034926470588235295 0.07352941176470588
10 0.7282475490196079 0.2839052287581699 0.042279411764705885 0.03676470588235294
10 0.6841299019607843 0.7238562091503268 0.042279411764705885 0.042483660130718956
10 0.7447916666666666 0.795751633986928 0.03125 0.0718954248366013
10 0.4325980392156863 0.6993464052287581 0.05759803921568627 0.07352941176470588
10 0.48253676470588236 0.5563725490196079 0.03002450980392157 0.0392156862745098
10 0.36764705882352944 0.47263071895424835 0.04411764705882353 0.051470588235294115
10 0.0701593137254902 0.9399509803921569 0.052083333333333336 0.07924836601307189
10 0.19240196078431374 0.09763071895424837 0.05024509803921569 0.05310457516339869
10 0.15226715686274508 0.12663398692810457 0.032475490196078434 0.04411764705882353
10 0.3290441176470588 0.17647058823529413 0.058823529411764705 0.05555555555555555
10 0.43933823529411764 0.06535947712418301 0.05024509803921569 0.07352941176470588
10 0.6899509803921569 0.26552287581699346 0.03676470588235294 0.0457516339869281
10 0.7432598039215687 0.16625816993464052 0.03431372549019608 0.03349673202614379
10 0.7683823529411765 0.056372549019607844 0.025735294117647058 0.07516339869281045
10 0.5484068627450981 0.6491013071895425 0.11397058823529412 0.16748366013071894
10 0.6329656862745098 0.7544934640522876 0.028186274509803922 0.059640522875817
10 0.6528799019607843 0.9154411764705882 0.03615196078431373 0.041666666666666664
10 0.6439950980392157 0.5825163398692811 0.09191176470588236 0.06535947712418301
10 0.8354779411764706 0.11274509803921569 0.1329656862745098 0.07026143790849673
10 0.6985294117647058 0.9133986928104575 0.041666666666666664 0.04084967320261438