10 0.6854636591478697 0.38099173553719007 0.10776942355889724 0.2066115702479339
10 0.12593984962406016 0.2413223140495868 0.15664160401002505 0.14545454545454545
10 0.2976190476190476 0.28677685950413223 0.18170426065162906 0.12727272727272726
10 0.2236842105263158 0.16446280991735537 0.14661654135338345 0.2066115702479339
10 0.6873433583959899 0.11735537190082644 0.17669172932330826 0.22479338842975208
10 0.5945363408521304 0.8227768595041322 0.133671679197995 0.17631404958677685
10 0.8194110275689223 0.16345454545454546 0.15734335839598998 0.21304132231404957
10 0.9140852130325815 0.36363636363636365 0.15454887218045113 0.246099173553719
10 0.6481453634085214 0.6997190082644628 0.09050125313283208 0.1285619834710744
10 0.6933959899749373 0.8374710743801653 0.06682957393483709 0.135900826446281
10 0.7442230576441102 0.6538181818181819 0.07101503759398496 0.15426446280991735
10 0.41401002506265666 0.7050247933884298 0.08771929824561403 0.09535537190082645
10 0.30219298245614035 0.670694214876033 0.07036340852130325 0.10044628099173554
10 0.19906015037593985 0.5683471074380165 0.08964912280701755 0.09917355371900827
10 0.18459899749373435 0.6471735537190083 0.06844611528822055 0.09917355371900827
10 0.08289473684210527 0.6967603305785124 0.08675438596491229 0.07120661157024794
10 0.17591478696741855 0.7819504132231405 0.08771929824561403 0.15003305785123966
10 0.3595488721804512 0.7546115702479339 0.046265664160401 0.08009917355371901
10 0.030852130325814537 0.8099173553719008 0.06169172932330827 0.15003305785123966
10 0.2698997493734336 0.9459669421487602 0.05012531328320802 0.07628099173553719
10 0.33304511278195487 0.8919338842975206 0.07036340852130325 0.08009917355371901
10 0.4106390977443609 0.5556198347107437 0.1542355889724311 0.11188429752066115
10 0.03036340852130326 0.44246280991735537 0.06072681704260652 0.08137190082644627
10 0.35328320802005014 0.36872727272727274 0.13205513784461154 0.09662809917355372
10 0.2592982456140351 0.42211570247933883 0.08868421052631578 0.09917355371900827
10 0.3677443609022556 0.9555041322314051 0.12241854636591479 0.059752066115702475
10 0.6231954887218045 0.9313388429752066 0.09735588972431078 0.10806611570247933
10 0.8241729323308271 0.6153884297520661 0.06555137844611529 0.13986776859504133
10 0.9008145363408522 0.7126446280991735 0.05494987468671679 0.11061157024793389
10 0.9099624060150375 0.3617355371900826 0.1600125313283208 0.24538842975206612
10 0.554749373433584 0.16147107438016528 0.056867167919799504 0.08646280991735537