10 0.35488970588235297 0.8317307692307693 0.15465073529411763 0.18269230769230768
10 0.7242647058823529 0.6394230769230769 0.04411764705882353 0.05048076923076923
10 0.5643382352941176 0.3490384615384615 0.10661764705882353 0.14038461538461539
10 0.23345588235294118 0.41225 0.23529411764705882 0.14615384615384616
10 0.3848713235294118 0.2375 0.17647058823529413 0.16153846153846155
10 0.5518198529411764 0.15169230769230768 0.08386029411764706 0.14807692307692308
10 0.4485294117647059 0.4807692307692308 0.11397058823529412 0.1
10 0.6509742647058824 0.7576923076923077 0.09329044117647059 0.07307692307692308
10 0.6488970588235294 0.6318461538461538 0.08455882352941177 0.04975
10 0.36764705882352944 0.6009615384615384 0.04779411764705882 0.06346153846153846
10 0.28860294117647056 0.6865384615384615 0.08823529411764706 0.1
10 0.14419117647058824 0.5276538461538461 0.13213235294117645 0.10817307692307693
10 0.6284558823529411 0.8611730769230769 0.19071691176470587 0.1598653846153846
2 0.8651286764705882 0.5613076923076923 0.13097426470588236 0.10096153846153846
10 0.2757352941176471 0.10757692307692307 0.0666360294117647 0.13342307692307692