10 0.78 0.151324200913242 0.164 0.11543378995433791
10 0.68 0.4691780821917808 0.18 0.18036529680365296
10 0.575 0.4577625570776256 0.126 0.14383561643835616
10 0.10068 0.19812785388127854 0.07956 0.14205479452054795
10 0.21322 0.1815068493150685 0.08468 0.13013698630136986
10 0.594 0.2171461187214612 0.116 0.1410502283105023
10 0.351 0.5616438356164384 0.23 0.2191780821917808
10 0.794 0.6278538812785388 0.276 0.2100456621004566
10 0.688 0.8242009132420092 0.264 0.3515981735159817
10 0.504 0.6438356164383562 0.196 0.1689497716894977
10 0.85846 0.45223744292237444 0.1723 0.14226027397260274
10 0.41308 0.7534246575342466 0.14615999999999998 0.2704566210045662
10 0.8738400000000001 0.8898858447488585 0.19384 0.2202283105022831
10 0.062299999999999994 0.04917808219178082 0.06616 0.09835616438356164
10 0.14615999999999998 0.07111872146118721 0.055380000000000006 0.07200913242009133
10 0.38616 0.0886986301369863 0.08 0.08253424657534246
10 0.34076 0.1975799086757991 0.09076000000000001 0.15630136986301368
10 0.03384 0.4671689497716895 0.0677 0.10888127853881278
10 0.07462 0.520730593607306 0.1277 0.13874429223744292
10 0.26076 0.7007305936073059 0.16462000000000002 0.16860730593607304
10 0.68924 0.2950456621004566 0.08 0.14401826484018265
10 0.82 0.20634703196347032 0.09845999999999999 0.1141552511415525
10 0.56538 0.07287671232876712 0.16154 0.14577625570776256