2 0.5758240740740741 0.74371875 0.24752777777777776 0.21047395833333335
2 0.35509259259259257 0.5669479166666667 0.28169444444444447 0.07083333333333333
2 0.6013148148148147 0.5373020833333333 0.13240740740740742 0.08653645833333333
2 0.3276759259259259 0.4843958333333333 0.2672962962962963 0.10004166666666667
2 0.26923148148148146 0.343109375 0.21182407407407408 0.10144270833333334
2 0.1317685185185185 0.5080104166666667 0.263537037037037 0.13702083333333331
2 0.49394444444444446 0.328125 0.17450000000000002 0.04967708333333333
2 0.40598148148148144 0.40084375 0.12535185185185185 0.05648958333333333
2 0.5121111111111112 0.43169270833333334 0.09116666666666666 0.06770833333333333
2 0.5601851851851852 0.48477604166666666 0.10042592592592592 0.08894270833333334
2 0.8108981481481481 0.49258854166666666 0.3782037037037037 0.10296354166666667
2 0.8578703703703704 0.40722916666666664 0.2601851851851852 0.12696354166666668
2 0.848287037037037 0.29346875 0.17521296296296296 0.063703125
2 0.675212962962963 0.23978125 0.047009259259259265 0.050078125
2 0.8226481481481481 0.15264583333333331 0.14672222222222223 0.13141145833333334
2 0.9444444444444444 0.18830208333333334 0.09828703703703705 0.043270833333333335
2 0.11039814814814815 0.3139010416666667 0.034185185185185187 0.044468749999999994
2 0.09398148148148149 0.2858072916666667 0.041666666666666664 0.03359375
2 0.18518518518518517 0.2610677083333333 0.1648148148148148 0.046614583333333334
2 0.28125 0.18841145833333334 0.22453703703703703 0.08411458333333334
2 0.3148148148148148 0.107421875 0.375 0.21484375
2 0.3986944444444444 0.23820312500000002 0.1416111111111111 0.06219270833333333
2 0.4752222222222222 0.26010937500000003 0.10948148148148147 0.02695833333333333
2 0.6421574074074073 0.17754166666666665 0.10348148148148148 0.03952083333333333
2 0.7802314814814815 0.04534375 0.3317037037037037 0.0906875
2 0.15625 0.07324479166666667 0.3125 0.146484375