2 0.586574074074074 0.6171875 0.21821296296296294 0.2171875
2 0.7192870370370371 0.44140625 0.36419444444444443 0.0859375
2 0.3824814814814815 0.466234375 0.30571296296296296 0.117359375
2 0.2474537037037037 0.2983958333333333 0.37083333333333335 0.11883854166666666
2 0.7739999999999999 0.3216145833333333 0.4094166666666667 0.12100520833333334
2 0.26960185185185187 0.17256770833333332 0.32623148148148146 0.12118229166666666
2 0.6465277777777778 0.23307291666666666 0.16898148148148148 0.0953125
2 0.16550925925925927 0.05902604166666667 0.23071296296296295 0.09808854166666667
2 0.3418240740740741 0.06792708333333333 0.061731481481481484 0.06727604166666666
2 0.4097222222222222 0.03125 0.061731481481481484 0.0625
2 0.6805555555555556 0.09548437500000001 0.061731481481481484 0.036458333333333336
2 0.5100277777777779 0.04600520833333333 0.061731481481481484 0.06857812499999999
2 0.7851111111111111 0.0546875 0.07947222222222222 0.1015625
2 0.8703703703703703 0.08854166666666667 0.04937962962962963 0.07118229166666666
2 0.9093333333333333 0.09049479166666667 0.07793518518518519 0.03168229166666667
2 0.4212962962962963 0.3602447916666666 0.20215740740740742 0.06163020833333333
2 0.5023148148148148 0.5108489583333333 0.09722222222222222 0.03993229166666667
2 0.601462962962963 0.373046875 0.14275 0.04209895833333333
2 0.4625740740740741 0.318578125 0.07484259259259259 0.04600520833333333