6 0.5768518518518518 0.688984375 0.1861851851851852 0.176203125
2 0.6610740740740741 0.5782864583333333 0.25121296296296297 0.06706770833333334
2 0.6970092592592593 0.5244010416666667 0.25983333333333336 0.12011458333333333
2 0.7608981481481482 0.40136458333333336 0.25555555555555554 0.11858854166666667
2 0.7233611111111111 0.27441666666666664 0.2532777777777778 0.08842187500000001
2 0.2548425925925926 0.35636979166666666 0.4245 0.09206770833333335
2 0.3351851851851852 0.45643229166666666 0.32592592592592595 0.08577604166666666
2 0.387037037037037 0.5740364583333334 0.26666666666666666 0.07395833333333333
2 0.4587962962962963 0.5170677083333334 0.12399999999999999 0.04134375
2 0.36624074074074076 0.20579166666666668 0.18946296296296297 0.040505208333333334
2 0.3425925925925926 0.12119270833333333 0.2037037037037037 0.054885416666666666
2 0.18838888888888888 0.08733854166666667 0.17735185185185184 0.059296875
2 0.3817685185185185 0.039260416666666666 0.1538425925925926 0.07211458333333334
2 0.1574074074074074 0.19771875 0.06979629629629629 0.0380625
2 0.6987222222222222 0.13001041666666666 0.09971296296296296 0.10536979166666667
2 0.8144629629629629 0.10016145833333333 0.07193518518518519 0.07211458333333334
2 0.6805555555555556 0.07471875 0.07050925925925926 0.018828124999999998
2 0.6406666666666666 0.11678645833333333 0.16025925925925927 0.0556875
2 0.6805555555555556 0.03705729166666667 0.05912037037037037 0.019630208333333333
2 0.950851851851852 0.17708333333333334 0.04986111111111111 0.04086458333333333
2 0.88675 0.14263020833333334 0.08689814814814814 0.050479166666666665
2 0.9383888888888889 0.44771875 0.12322222222222223 0.047677083333333335
2 0.8710833333333333 0.4947916666666667 0.05840740740740741 0.090546875
2 0.9344722222222223 0.3669895833333333 0.06267592592592593 0.01922916666666667
2 0.9113240740740741 0.32852604166666666 0.11182407407407408 0.034453125
2 0.14280555555555555 0.038661458333333336 0.10185185185185185 0.07732291666666667
2 0.1499259259259259 0.12780208333333334 0.06766666666666667 0.02884375
2 0.038814814814814816 0.13861979166666666 0.07762962962962963 0.03846354166666666
2 0.24074074074074073 0.16666666666666666 0.04273148148148148 0.033656250000000006
2 0.31089814814814815 0.1630625 0.09187962962962963 0.051281249999999994
2 0.4084722222222222 0.16226041666666668 0.10042592592592592 0.029645833333333333
2 0.3828333333333333 0.076921875 0.08618518518518518 0.052083333333333336
2 0.25356481481481485 0.07231770833333333 0.10113888888888889 0.054885416666666666
2 0.07976851851851853 0.167265625 0.05840740740740741 0.03405208333333333
2 0.09793518518518518 0.15684895833333332 0.06338888888888888 0.025239583333333333
2 0.9042037037037036 0.21073958333333334 0.07905555555555555 0.034453125
2 0.8579074074074073 0.3741979166666667 0.05341666666666667 0.068109375
2 0.5943703703703703 0.5308489583333333 0.12179629629629629 0.03525520833333333
2 0.9455092592592592 0.15184375 0.07336111111111111 0.07852604166666667