2 0.5403425925925927 0.6306197916666666 0.12725 0.11078645833333334
2 0.6292314814814816 0.534671875 0.13412962962962965 0.07083333333333333
2 0.6511203703703704 0.4687135416666666 0.17658333333333334 0.10453645833333333
2 0.7125 0.3594114583333334 0.16441666666666666 0.10141145833333334
2 0.6888425925925926 0.24204687500000002 0.1712962962962963 0.078125
2 0.4265185185185185 0.3530520833333333 0.2612407407407407 0.09211458333333335
2 0.4394166666666667 0.488953125 0.2002685185185185 0.12224479166666667
2 0.4708981481481481 0.558703125 0.15 0.10625
2 0.5823425925925926 0.4780520833333333 0.06944444444444445 0.023807291666666668
2 0.5390185185185185 0.5638020833333334 0.04894444444444444 0.022692708333333332
2 0.5284351851851852 0.22340104166666666 0.07407407407407407 0.059895833333333336
2 0.5853148148148148 0.30952604166666664 0.02910185185185185 0.046875
2 0.6117685185185185 0.36030729166666664 0.030425925925925926 0.044270833333333336
2 0.608462962962963 0.3828125 0.09920370370370371 0.03422395833333333
2 0.5271203703703703 0.3833697916666667 0.0582037037037037 0.026411458333333335
2 0.5082685185185185 0.04631770833333334 0.07473148148148148 0.09263541666666668
2 0.8356481481481481 0.12127083333333334 0.3287037037037037 0.14804166666666668
2 0.9305555555555556 0.15715625 0.1388888888888889 0.18340625
2 0.7483425925925926 0.068078125 0.2427222222222222 0.13616145833333335
2 0.869712962962963 0.29761979166666663 0.07539814814814816 0.052828125000000004
2 0.9011203703703704 0.31733854166666664 0.058861111111111114 0.064734375
2 0.9646203703703703 0.4166666666666667 0.07076851851851852 0.040921874999999996
2 0.8796296296296297 0.4261510416666667 0.08068518518518518 0.044270833333333336
2 0.8515185185185185 0.375 0.06283333333333334 0.03199479166666667
2 0.8270462962962963 0.5589635416666667 0.0720925925925926 0.049479166666666664
2 0.9156759259259258 0.5970989583333334 0.035055555555555555 0.04315625
2 0.9156759259259258 0.548734375 0.03373148148148148 0.03869270833333334
2 0.8786388888888889 0.669828125 0.02975925925925926 0.05022395833333334
2 0.9513888888888888 0.6802447916666666 0.058861111111111114 0.024927083333333332
2 0.9244537037037037 0.68359375 0.05176851851851851 0.02059895833333333
2 0.9476018518518519 0.6299739583333334 0.045879629629629624 0.02225520833333333
2 0.8261759259259259 0.721828125 0.06986111111111111 0.023203124999999998
2 0.8905740740740741 0.7246666666666666 0.02188888888888889 0.029354166666666667
2 0.8764722222222222 0.7417135416666666 0.05176851851851851 0.026041666666666668
2 0.859212962962963 0.8046875 0.040824074074074075 0.019885416666666666
2 0.8354351851851851 0.7842083333333334 0.05892592592592592 0.019651041666666664
2 0.7681018518518518 0.9302812500000001 0.025249999999999998 0.036223958333333334
2 0.6106944444444444 0.965078125 0.04376851851851852 0.05279166666666667
2 0.42171296296296296 0.9591614583333333 0.02609259259259259 0.03054166666666667
2 0.8076574074074074 0.9513489583333333 0.025249999999999998 0.028171875000000002
2 0.8893055555555556 0.904 0.03450925925925926 0.015859375
2 0.8840462962962963 0.831796875 0.028194444444444442 0.01633333333333333
2 0.8404907407407407 0.8214947916666666 0.02273148148148148 0.036458333333333336
2 0.8301759259259259 0.6571979166666666 0.04755555555555555 0.03314583333333333
2 0.8268055555555556 0.5138489583333333 0.042509259259259254 0.019177083333333334
2 0.8205 0.4707604166666667 0.03998148148148148 0.051848958333333334