2 0.6087962962962963 0.6296875 0.24722222222222223 0.165625
2 0.7796296296296297 0.4505208333333333 0.3148148148148148 0.10729166666666666
2 0.4111111111111111 0.4986979166666667 0.3314814814814815 0.12447916666666667
2 0.7240740740740741 0.3380208333333333 0.15555555555555556 0.059375
2 0.8430555555555556 0.28098958333333335 0.3138888888888889 0.11510416666666666
2 0.2773148148148148 0.16614583333333333 0.425 0.12395833333333334
2 0.8847222222222222 0.7921875 0.1287037037037037 0.16041666666666668
2 0.8185185185185185 0.9111979166666667 0.32037037037037036 0.17760416666666667
2 0.5486111111111112 0.3684895833333333 0.08796296296296297 0.0796875
2 0.5162037037037037 0.25286458333333334 0.12129629629629629 0.03697916666666667
2 0.6106481481481482 0.190625 0.1175925925925926 0.05416666666666667
2 0.45092592592592595 0.07916666666666666 0.14074074074074075 0.04791666666666667
2 0.774537037037037 0.15651041666666668 0.23981481481481481 0.06614583333333333
2 0.7569444444444444 0.07083333333333333 0.1712962962962963 0.09791666666666667
2 0.9513888888888888 0.9080729166666667 0.05648148148148148 0.04739583333333333