2 0.3983981481481481 0.5667447916666667 0.2613240740740741 0.07347916666666668
2 0.49843518518518515 0.6855989583333333 0.1413148148148148 0.14234895833333333
2 0.6725740740740741 0.481890625 0.2222222222222222 0.12628125
2 0.37575000000000003 0.49757812500000004 0.22257407407407406 0.1265625
2 0.3421296296296296 0.4126197916666667 0.16460185185185186 0.10440625
2 0.6812314814814815 0.30444791666666665 0.20021296296296295 0.07972916666666667
2 0.550425925925926 0.342828125 0.12137037037037038 0.061296875
2 0.4455092592592592 0.3854166666666667 0.0961574074074074 0.047276041666666664
2 0.4212962962962963 0.34675520833333334 0.05912037037037037 0.028447916666666666
2 0.44907407407407407 0.37199479166666666 0.057694444444444444 0.030046874999999997
2 0.5160277777777778 0.47075520833333334 0.046296296296296294 0.025640624999999997
2 0.6682314814814815 0.5647656249999999 0.22407407407407406 0.06742708333333333
2 0.5359722222222223 0.5164270833333333 0.07336111111111111 0.059296875
2 0.48788888888888887 0.5977552083333334 0.06267592592592593 0.033656250000000006
2 0.5459444444444445 0.6009635416666667 0.04201851851851852 0.024036458333333333
2 0.5519907407407407 0.4360989583333333 0.04986111111111111 0.030848958333333332
2 0.9124259259259259 0.3995208333333334 0.17514814814814814 0.16276041666666666
2 0.7503888888888889 0.2671458333333333 0.25849074074074074 0.07942708333333333
2 0.39969444444444446 0.267578125 0.09876851851851852 0.03949479166666667
2 0.8726851851851852 0.10329687500000001 0.25462962962962965 0.10590104166666667
2 0.9309444444444444 0.17708333333333334 0.12113888888888891 0.0625
2 0.6450648148148148 0.08116145833333334 0.16666666666666666 0.05121354166666667
2 0.6454444444444445 0.027994791666666668 0.15046296296296297 0.055989583333333336
2 0.8290925925925926 0.07834374999999999 0.09490740740740741 0.04209895833333333
2 0.5879629629629629 0.18229166666666666 0.061731481481481484 0.032984374999999996
2 0.6234537037037038 0.21722916666666667 0.06789814814814815 0.03602604166666667
2 0.6350277777777779 0.11588541666666667 0.10802777777777778 0.03993229166666667
2 0.6975277777777779 0.11284895833333333 0.06326851851851852 0.03211979166666667
2 0.6616481481481482 0.17816666666666667 0.07175925925925926 0.06206770833333333
2 0.7557870370370371 0.22200520833333334 0.2569444444444444 0.08116145833333334
2 0.9490740740740741 0.24001562499999998 0.10185185185185185 0.03993229166666667
2 0.836037037037037 0.3131510416666667 0.05787037037037037 0.04209895833333333
2 0.8981481481481481 0.333984375 0.061731481481481484 0.024739583333333332
2 0.8460648148148148 0.3723958333333333 0.06867592592592593 0.06597395833333333
2 0.2310925925925926 0.10416666666666667 0.1288611111111111 0.04600520833333333
2 0.3441388888888889 0.11957291666666667 0.09259259259259259 0.03602604166666667
2 0.14930555555555555 0.14583333333333334 0.13349074074074072 0.07725520833333334
2 0.24228703703703705 0.17881770833333333 0.06944444444444445 0.045140625000000004
2 0.28664814814814815 0.18142187499999998 0.04861111111111111 0.08159895833333333