2 0.585111111111111 0.6353385416666666 0.15941666666666665 0.201203125
2 0.6914351851851852 0.5008697916666667 0.26404629629629633 0.0515625
2 0.6699074074074074 0.4200520833333333 0.23919444444444443 0.090625
2 0.6409722222222223 0.2734375 0.2625 0.06458333333333334
2 0.21064814814814814 0.27118229166666663 0.38055555555555554 0.05555729166666667
2 0.3882685185185185 0.45603125 0.2737685185185185 0.15911458333333334
2 0.4431296296296296 0.5366302083333333 0.21435185185185185 0.08802083333333334
2 0.6095648148148148 0.4633229166666667 0.13117592592592592 0.033421875000000004
2 0.48726851851851855 0.4774322916666666 0.10108333333333333 0.03993229166666667
2 0.5690555555555556 0.3346354166666667 0.1412037037037037 0.03558854166666667
2 0.4340277777777778 0.337890625 0.1087962962962963 0.036890624999999996
2 0.3603425925925926 0.228515625 0.07562037037037037 0.041234375000000004
2 0.44483333333333336 0.171875 0.07175925925925926 0.07291666666666667
2 0.4660462962962963 0.06402083333333333 0.07252777777777777 0.08723958333333333
2 0.5443703703703703 0.031468750000000004 0.06867592592592593 0.06293229166666667
2 0.6388888888888888 0.13541666666666666 0.09722222222222222 0.11110937500000001
2 0.7268518518518519 0.05186458333333333 0.07562037037037037 0.06988020833333333
2 0.9347962962962963 0.19422916666666667 0.13039814814814815 0.06727604166666666
2 0.7839537037037037 0.14605208333333333 0.08641666666666667 0.09852604166666666
2 0.8707592592592592 0.11241145833333334 0.09027777777777778 0.037328125000000004
2 0.7411296296296296 0.16058854166666667 0.11342592592592593 0.06336979166666666
2 0.8939074074074074 0.28103125 0.08564814814814815 0.03168229166666667
2 0.9413611111111111 0.497828125 0.11728703703703704 0.0546875
2 0.9575648148148149 0.6161041666666667 0.058638888888888886 0.02734375
2 0.925537037037037 0.5462239583333334 0.14891666666666667 0.055989583333333336
2 0.8688240740740741 0.4401041666666667 0.08641666666666667 0.026911458333333336
2 0.8715277777777778 0.3606770833333333 0.09490740740740741 0.07378645833333333
2 0.13773148148148148 0.16102604166666667 0.07021296296296296 0.05902604166666667