2 0.7524814814814814 0.3309166666666667 0.2345925925925926 0.12774479166666666
2 0.4301759259259259 0.22979166666666667 0.14814814814814814 0.080859375
2 0.6568148148148149 0.47310416666666666 0.26212037037037034 0.16013020833333333
2 0.2684722222222222 0.38539062500000004 0.275 0.12296354166666666
2 0.3177222222222222 0.47497395833333333 0.3571574074074074 0.10525520833333334
2 0.4411574074074074 0.5931822916666667 0.25504629629629627 0.09450520833333333
2 0.7314351851851852 0.5865052083333333 0.30193518518518514 0.11553125
2 0.6564814814814814 0.7184895833333333 0.20925925925925926 0.1734375
2 0.6262592592592593 0.20667708333333332 0.17171296296296296 0.05823958333333333
2 0.5437685185185185 0.2890625 0.08080555555555555 0.05539583333333333
2 0.4696944444444444 0.304921875 0.05218518518518518 0.05113541666666667
2 0.45917592592592593 0.3584270833333333 0.07154629629629629 0.0501875
2 0.4734814814814815 0.375234375 0.12374074074074073 0.03551041666666667
2 0.3115462962962963 0.12760416666666666 0.05882407407407408 0.045036458333333335
2 0.627175925925926 0.15104166666666666 0.12473148148148148 0.06127604166666667
2 0.7039722222222222 0.1611510416666667 0.041935185185185186 0.016541666666666666