2 0.6589629629629629 0.60321875 0.19166666666666668 0.16335416666666666
2 0.4611944444444444 0.5080729166666667 0.1962962962962963 0.077890625
2 0.728287037037037 0.47976041666666663 0.23148148148148148 0.06197916666666667
2 0.37777777777777777 0.45189583333333333 0.24899074074074076 0.12282291666666666
2 0.7805092592592593 0.40175 0.3265185185185185 0.10880729166666667
2 0.275 0.34348958333333335 0.24444444444444444 0.17419270833333333
2 0.8106481481481481 0.29588020833333334 0.35462962962962963 0.13844791666666667
2 0.38758333333333334 0.219296875 0.16927777777777778 0.06699999999999999
2 0.6731018518518519 0.15736458333333334 0.19267592592592592 0.078265625
2 0.46717592592592594 0.3098958333333333 0.09932407407407406 0.063921875
2 0.5845925925925926 0.31605208333333334 0.06649999999999999 0.05350520833333334
2 0.6439351851851852 0.437265625 0.10269444444444444 0.04497916666666667
2 0.5256759259259259 0.459515625 0.07996296296296296 0.030776041666666667
2 0.4187685185185185 0.3418541666666667 0.1523611111111111 0.052083333333333336
2 0.7260092592592593 0.057526041666666666 0.06312962962962963 0.049713541666666666
2 0.09848148148148148 0.05516145833333333 0.13636111111111113 0.109375