2 0.5837962962962963 0.6950520833333333 0.21388888888888888 0.15364583333333334
2 0.6357685185185186 0.5494791666666666 0.2673611111111111 0.08020833333333334
2 0.34930555555555554 0.5667291666666666 0.300462962962963 0.075390625
2 0.7987314814814814 0.41354166666666664 0.28958333333333336 0.0625
2 0.2440648148148148 0.3852760416666667 0.46590740740740744 0.13200520833333332
2 0.22773148148148148 0.23271875 0.39099074074074075 0.1310625
2 0.8 0.24583333333333332 0.2528611111111111 0.0998125
2 0.6022685185185186 0.4834270833333333 0.11363888888888889 0.04924479166666666
2 0.6595092592592593 0.4590416666666667 0.04461111111111111 0.05350520833333334
2 0.42676851851851855 0.4817604166666667 0.16498148148148148 0.059171875
2 0.6304722222222222 0.41594270833333336 0.08586111111111111 0.056343750000000005
2 0.4431851851851852 0.331203125 0.06481481481481481 0.04497916666666667
2 0.3585833333333333 0.21851562500000002 0.21885185185185185 0.05066145833333333
2 0.5050462962962964 0.3617447916666666 0.09763888888888889 0.035984375
2 0.6658240740740741 0.32883333333333337 0.03872222222222222 0.03361979166666666
2 0.6405740740740741 0.198625 0.1161574074074074 0.052557291666666665
2 0.9478148148148148 0.18963020833333333 0.10437962962962963 0.07149479166666667
2 0.9722222222222222 0.5378802083333334 0.05555555555555555 0.056817708333333335
2 0.18476851851851853 0.10108854166666667 0.2095925925925926 0.20217708333333334
2 0.9339259259259259 0.07930729166666667 0.08501851851851851 0.0658125