2 0.4388888888888889 0.484515625 0.14074074074074075 0.11325520833333333
2 0.5605648148148148 0.42596875 0.16775925925925927 0.07722395833333334
2 0.37962962962962965 0.4160052083333333 0.15 0.057479166666666665
2 0.645074074074074 0.3448645833333333 0.3154074074074074 0.11027604166666666
2 0.2686018518518518 0.323625 0.3038703703703704 0.117328125
2 0.27037037037037037 0.24240104166666668 0.23148148148148148 0.09644791666666667
2 0.6733148148148148 0.2553958333333333 0.3025277777777778 0.13257812500000002
2 0.5727314814814815 0.18463541666666666 0.1621203703703704 0.0609375
2 0.8042962962962963 0.09824999999999999 0.1388888888888889 0.045927083333333334
2 0.3741574074074074 0.18181770833333333 0.06144444444444445 0.029354166666666667
2 0.31523148148148145 0.14180729166666667 0.0900648148148148 0.07433854166666666
2 0.9629629629629629 0.20885416666666667 0.07407407407407407 0.05520833333333333
2 0.9495370370370371 0.24765625 0.09722222222222222 0.050520833333333334
2 0.9449074074074074 0.3065104166666667 0.11018518518518519 0.0953125
2 0.9041666666666667 0.09817708333333333 0.1675925925925926 0.0828125
2 0.12037037037037036 0.12652083333333333 0.19289814814814815 0.21397395833333333
2 0.3136574074074074 0.18532812499999998 0.06712962962962964 0.025171875