2 0.49212962962962964 0.6900729166666667 0.18055555555555555 0.158390625
2 0.3135277777777778 0.5695885416666666 0.2640925925925926 0.05896875
2 0.6377499999999999 0.34529166666666666 0.3065555555555555 0.06702604166666666
2 0.3819814814814815 0.37710416666666663 0.15327777777777776 0.14186458333333332
2 0.21994444444444444 0.41127604166666665 0.3450185185185185 0.08056770833333333
2 0.6097222222222223 0.42423958333333334 0.262037037037037 0.13077083333333334
2 0.5737222222222222 0.5859375 0.23575925925925925 0.04206770833333333
2 0.526712962962963 0.53225 0.1317685185185185 0.030848958333333332
2 0.3682314814814815 0.4971979166666667 0.14672222222222223 0.036859375
2 0.5078333333333334 0.40565104166666666 0.11253703703703705 0.046072916666666665
2 0.5096111111111111 0.25220312500000003 0.12891666666666665 0.03966145833333334
2 0.38639814814814816 0.26001562500000003 0.1047037037037037 0.03846354166666666
2 0.3322685185185185 0.15364583333333334 0.14600925925925926 0.08854166666666667
2 0.17735185185185184 0.096953125 0.09401851851851853 0.05288541666666667
2 0.8945833333333333 0.14603125 0.21082407407407408 0.21915104166666666
2 0.9419537037037037 0.35877604166666666 0.1160925925925926 0.14783854166666668
2 0.862537037037037 0.41346354166666666 0.06695370370370371 0.079328125
2 0.9560185185185185 0.5110104166666667 0.06271296296296297 0.05279166666666667
2 0.8545833333333334 0.5671145833333333 0.05765740740740741 0.059421875
2 0.8190277777777777 0.9627135416666667 0.10016666666666667 0.049953125
2 0.7841851851851851 0.8792083333333333 0.14957407407407405 0.11979166666666667
2 0.5059166666666667 0.10619270833333333 0.05812962962962963 0.0804375
2 0.4245648148148148 0.9621614583333333 0.06699074074074074 0.075671875
2 0.478212962962963 0.9765625 0.051194444444444445 0.046875
2 0.45914814814814814 0.9269322916666667 0.10784259259259259 0.04197395833333333
2 0.5441203703703703 0.9771770833333334 0.05991666666666666 0.04565104166666667
2 0.9717592592592592 0.57109375 0.05648148148148148 0.058854166666666666
2 0.8824074074074074 0.4979166666666667 0.03518518518518519 0.036458333333333336