2 0.5319444444444444 0.5486614583333334 0.1675925925925926 0.13184374999999998
2 0.3630277777777778 0.49378645833333334 0.18346296296296294 0.06971875000000001
2 0.5563518518518519 0.446875 0.14232407407407408 0.071875
2 0.15231481481481482 0.32708333333333334 0.25092592592592594 0.109375
2 0.538425925925926 0.16536458333333334 0.2101851851851852 0.08072916666666667
2 0.5831388888888889 0.2974322916666667 0.2728796296296296 0.14129687500000002
2 0.5871666666666666 0.37883333333333336 0.22380555555555556 0.086828125
2 0.26878703703703705 0.42604166666666665 0.2161388888888889 0.06145833333333333
2 0.3269814814814815 0.3774166666666667 0.16111111111111112 0.06331770833333333
2 0.2814814814814815 0.24114583333333334 0.11666666666666667 0.09583333333333334
2 0.3928611111111111 0.44754687499999996 0.09524074074074074 0.03943229166666666
2 0.33240740740740743 0.29270833333333335 0.11481481481481481 0.035416666666666666
2 0.300462962962963 0.33880208333333334 0.05092592592592592 0.05364583333333333
2 0.4976851851851852 0.40989583333333335 0.09907407407407408 0.04375
2 0.44305555555555554 0.27395833333333336 0.032407407407407406 0.041666666666666664
2 0.37453703703703706 0.22083333333333333 0.04722222222222222 0.03958333333333333
2 0.7346851851851852 0.12900520833333334 0.23575925925925925 0.13702083333333331
2 0.8682314814814815 0.5943489583333333 0.263537037037037 0.09895833333333333
2 0.9138148148148147 0.6929062500000001 0.1723611111111111 0.08452604166666666
2 0.8703703703703703 0.905046875 0.1809074074074074 0.06330208333333334