3 0.20725000000000002 0.39461979166666666 0.35771296296296295 0.113890625
2 0.7373425925925926 0.3296875 0.19567592592592595 0.09791666666666667
3 0.7675925925925926 0.6956614583333334 0.23271296296296298 0.18923437499999998
3 0.5592592592592592 0.6278645833333333 0.19937962962962963 0.13385416666666666
3 0.7712962962962963 0.41354166666666664 0.2722222222222222 0.12291666666666666
3 0.32978703703703705 0.5861093749999999 0.3367314814814815 0.14722395833333335
2 0.3806203703703704 0.12146354166666667 0.10250925925925926 0.06213020833333334
2 0.43783333333333335 0.220609375 0.08333333333333333 0.072171875
2 0.1774722222222222 0.13975520833333333 0.3549351851851852 0.27951041666666665
2 0.05513888888888888 0.16761458333333332 0.11026851851851852 0.11363541666666667
2 0.7441388888888889 0.07118229166666666 0.1450648148148148 0.08402604166666668
2 0.767287037037037 0.12274479166666666 0.10247222222222223 0.08506770833333334
2 0.45185185185185184 0.019963541666666664 0.04197222222222222 0.03506770833333333
2 0.5537037037037037 0.2800364583333333 0.06789814814814815 0.024651041666666665
3 0.6783981481481481 0.2628489583333333 0.12469444444444443 0.038890625
2 0.4009259259259259 0.3421875 0.10925925925925926 0.05381770833333333
2 0.4981481481481482 0.36701562499999996 0.08271296296296296 0.041666666666666664
2 0.5691388888888889 0.3753489583333333 0.09382407407407407 0.03333333333333333
2 0.4790092592592593 0.440453125 0.11851851851851852 0.041317708333333335
2 0.6435185185185185 0.46197916666666666 0.06111111111111111 0.054515625
2 0.7012314814814815 0.5795156250000001 0.04321296296296297 0.036109375
3 0.7157407407407408 0.5222239583333333 0.17654629629629628 0.04583333333333333
3 0.7893518518518519 0.5057291666666667 0.15462962962962962 0.09479166666666666
3 0.5472222222222223 0.55234375 0.11666666666666667 0.0578125