2 0.6902777777777778 0.6566822916666666 0.31296296296296294 0.13941145833333335
2 0.7753055555555556 0.5519114583333333 0.3691388888888889 0.10069270833333334
2 0.8560925925925926 0.43580729166666665 0.28780555555555554 0.09956770833333332
2 0.40640740740740744 0.34969791666666666 0.19274999999999998 0.12769270833333332
2 0.4066388888888889 0.5224375 0.2873425925925926 0.08307291666666666
2 0.3498425925925926 0.44283854166666664 0.3200648148148148 0.12786458333333334
2 0.6626574074074074 0.408765625 0.18210185185185185 0.20225520833333333
2 0.5135000000000001 0.4537760416666667 0.10262037037037038 0.048177083333333336
2 0.6736111111111112 0.18337499999999998 0.2175925925925926 0.06293229166666667
2 0.3186759259259259 0.10546875 0.22067592592592594 0.07291666666666667
2 0.37962962962962965 0.04405208333333333 0.058638888888888886 0.07682291666666667
2 0.40238888888888885 0.19314062499999998 0.11187962962962963 0.040796874999999996
2 0.6388888888888888 0.05902604166666667 0.18981481481481483 0.08159895833333333
2 0.8298611111111112 0.10047916666666666 0.11034259259259259 0.130640625
2 0.9228425925925926 0.18663020833333333 0.05400925925925926 0.06770833333333333
2 0.8302499999999999 0.21484375 0.13580555555555554 0.044270833333333336
2 0.4347962962962963 0.078125 0.03780555555555555 0.04774479166666667
2 0.2881944444444444 0.048609374999999996 0.03317592592592592 0.036458333333333336
2 0.3136574074074074 0.16363020833333333 0.05324074074074074 0.05121354166666667
2 0.7484537037037038 0.16384374999999998 0.07715740740740741 0.10720312500000001