2 0.7754629629629629 0.19895833333333332 0.30648148148148147 0.071875
2 0.5471203703703703 0.6154218749999999 0.15185185185185185 0.1671875
2 0.6891481481481482 0.50625 0.23981481481481481 0.067015625
2 0.22237962962962962 0.345484375 0.23734259259259258 0.12152604166666667
2 0.33687962962962964 0.3979739583333333 0.2978425925925926 0.08032291666666666
2 0.4388888888888889 0.47034374999999995 0.22037037037037038 0.090453125
2 0.7380648148148148 0.45989583333333334 0.3135833333333333 0.14270833333333333
2 0.6415648148148148 0.33098958333333334 0.08621296296296296 0.07621354166666668
2 0.41898148148148145 0.2565104166666667 0.075 0.0609375
2 0.4368333333333333 0.33993229166666666 0.07922222222222222 0.06631770833333334
2 0.6136851851851851 0.44849479166666667 0.09362037037037037 0.019677083333333335
2 0.5859074074074074 0.10532291666666667 0.11831481481481482 0.09953645833333334
2 0.7453703703703703 0.14091666666666666 0.08744444444444444 0.03530208333333333
2 0.7870370370370371 0.32349479166666667 0.27366666666666667 0.12963020833333333
2 0.9348333333333333 0.10015625 0.1303425925925926 0.20031770833333334
2 0.9369629629629629 0.46273958333333337 0.12606481481481482 0.06089583333333334
2 0.8920925925925927 0.71875 0.21581481481481482 0.13702083333333331