2 0.5791666666666667 0.630078125 0.1787037037037037 0.20078125
2 0.27685185185185185 0.30527604166666666 0.3388888888888889 0.168359375
2 0.35717592592592595 0.43502604166666664 0.3773148148148148 0.18385416666666668
2 0.7258148148148148 0.5536458333333333 0.20717592592592593 0.14583333333333334
2 0.3576388888888889 0.5244791666666667 0.2972222222222222 0.0765625
2 0.7717592592592593 0.313328125 0.16876851851851854 0.08186458333333334
2 0.4356481481481482 0.20533854166666668 0.16944444444444445 0.09140625
2 0.5747685185185185 0.31321875 0.09444444444444444 0.10638020833333334
2 0.9084629629629629 0.29774999999999996 0.16944444444444445 0.14654166666666668
2 0.5555555555555556 0.4401041666666667 0.08796296296296297 0.07552083333333333
2 0.6660925925925926 0.412109375 0.08449074074074074 0.0546875
2 0.7199074074074074 0.4430364583333333 0.1736111111111111 0.068359375
2 0.8287037037037037 0.6666666666666666 0.3425925925925926 0.12630208333333334
2 0.7887222222222222 0.2866927083333334 0.0656574074074074 0.082859375
2 0.246212962962963 0.0501875 0.14057407407407407 0.05397916666666667
2 0.1338425925925926 0.054921875 0.15319444444444444 0.09753645833333334
2 0.3636388888888889 0.09564583333333333 0.07744444444444444 0.036932291666666665
2 0.4330833333333334 0.08735937499999999 0.07491666666666666 0.042140625
2 0.4713796296296296 0.31676041666666666 0.20033333333333334 0.086171875
2 0.8682685185185185 0.08641145833333333 0.05808333333333333 0.044036458333333334
2 0.9638055555555556 0.578359375 0.07238888888888889 0.028880208333333334
2 0.25578703703703703 0.11740624999999999 0.04243518518518519 0.033421875000000004
2 0.7762314814814815 0.205078125 0.08333333333333333 0.056859375000000004