2 0.6625 0.5684895833333333 0.16157407407407406 0.18932291666666667
2 0.20474074074074075 0.34713541666666664 0.18356481481481482 0.1109375
2 0.37060185185185185 0.47747395833333334 0.2375 0.17942708333333332
2 0.7469907407407408 0.36015625 0.36157407407407405 0.08697916666666666
2 0.30475 0.24791666666666667 0.15393518518518517 0.08854166666666667
2 0.6470925925925926 0.25703125 0.3595277777777778 0.1765625
2 0.42615740740740743 0.37447916666666664 0.1050925925925926 0.07291666666666667
2 0.5787037037037037 0.3922552083333333 0.09259259259259259 0.055338541666666664
2 0.3899537037037037 0.30168229166666666 0.046296296296296294 0.04486979166666667
2 0.1443611111111111 0.18607812499999998 0.06986111111111111 0.08996354166666666
2 0.7297962962962963 0.13518229166666668 0.27440740740740743 0.11221354166666667
2 0.5037870370370371 0.10440104166666667 0.09512037037037037 0.05823958333333333
2 0.5340925925925927 0.16429687499999998 0.07996296296296296 0.040718750000000005
2 0.5378796296296297 0.5352760416666666 0.1515185185185185 0.14346354166666667
2 0.37083333333333335 0.19817708333333334 0.11574074074074074 0.0578125
2 0.9189814814814815 0.14990104166666668 0.046296296296296294 0.022463541666666666
2 0.6930000000000001 0.049317708333333335 0.05961111111111111 0.07259375