2 0.7478425925925926 0.21753645833333335 0.30863888888888885 0.09340104166666667
2 0.24475 0.43350520833333334 0.33641666666666664 0.19583333333333333
2 0.7825648148148148 0.425 0.23919444444444443 0.13229166666666667
2 0.6981481481481482 0.5513020833333333 0.28888888888888886 0.1234375
2 0.2845648148148148 0.551390625 0.3358055555555556 0.135765625
2 0.344287037037037 0.6530364583333333 0.30525 0.10433854166666667
2 0.611574074074074 0.6780364583333333 0.21388888888888888 0.12308854166666668
2 0.5009259259259259 0.7897552083333333 0.21296296296296297 0.18368229166666666
2 0.2263888888888889 0.05182291666666667 0.1361111111111111 0.10364583333333334
2 0.32222222222222224 0.05286458333333333 0.07962962962962963 0.0765625
2 0.3928981481481481 0.103125 0.14382407407407408 0.06805729166666666
2 0.7293240740740741 0.07899479166666666 0.06728703703703703 0.057291666666666664
2 0.9086388888888889 0.040625 0.11851851851851852 0.030557291666666667
2 0.907712962962963 0.14322916666666666 0.08456481481481481 0.044098958333333334
2 0.7086388888888889 0.11041666666666666 0.07777777777777778 0.052083333333333336
2 0.3237685185185185 0.28506770833333334 0.2611111111111111 0.08958333333333333
2 0.48210185185185184 0.3284739583333333 0.07160185185185185 0.070140625
2 0.4830277777777777 0.3848958333333333 0.07469444444444445 0.053125
2 0.4586388888888889 0.4140625 0.12345370370370372 0.04756770833333333
2 0.6462962962962963 0.3645833333333333 0.05678703703703704 0.06735937500000001
2 0.6175925925925926 0.4244791666666667 0.06234259259259259 0.051734375
2 0.6228425925925926 0.447046875 0.15925925925925927 0.044098958333333334
2 0.44722222222222224 0.568578125 0.0808611111111111 0.06840104166666668
2 0.5586388888888889 0.5803802083333333 0.0876574074074074 0.03715104166666667
2 0.9583333333333334 0.6401510416666666 0.07996296296296296 0.04261458333333333
2 0.9651203703703704 0.7574635416666666 0.05617592592592593 0.026041666666666668
2 0.9648148148148148 0.8175364583333333 0.07037037037037037 0.039234375
2 0.9586388888888888 0.512671875 0.05308333333333333 0.060765625000000004
2 0.9694444444444444 0.4715260416666667 0.06111111111111111 0.061109375