2 0.5052592592592592 0.5601302083333334 0.11337962962962964 0.15369270833333332
2 0.6582037037037037 0.442875 0.1923425925925926 0.06075
2 0.6933888888888889 0.33984375 0.21957407407407406 0.06302083333333333
2 0.462037037037037 0.457171875 0.15185185185185185 0.060182291666666665
2 0.4071388888888889 0.37880729166666666 0.2624351851851852 0.07502083333333333
2 0.37777777777777777 0.24921875 0.23148148148148148 0.044270833333333336
2 0.6328703703703704 0.21744791666666666 0.1712962962962963 0.0578125
2 0.5686296296296296 0.4759479166666667 0.05664814814814815 0.022979166666666665
2 0.60975 0.3802083333333333 0.10402777777777777 0.033703124999999994
2 0.5037037037037037 0.4088541666666667 0.09506481481481481 0.030208333333333334
2 0.4966018518518519 0.3 0.08950925925925926 0.026390625
2 0.7895092592592592 0.13784895833333335 0.10123148148148148 0.10972395833333333
2 0.17347222222222222 0.11651041666666666 0.11481481481481481 0.06493229166666667
2 0.9276666666666666 0.13346354166666666 0.14467592592592593 0.09244791666666667
2 0.3287037037037037 0.054677083333333334 0.15046296296296297 0.10934895833333333
2 0.44675925925925924 0.07313541666666666 0.08796296296296297 0.14626562499999998
2 0.3368055555555556 0.13845312499999998 0.13349074074074072 0.048609374999999996
2 0.85475 0.20149999999999998 0.29050925925925924 0.08268229166666667
2 0.9735462962962964 0.23140104166666667 0.046296296296296294 0.045385416666666664
2 0.9457685185185185 0.29296875 0.10846296296296297 0.07775520833333333
2 0.9613055555555556 0.43266145833333336 0.04827777777777778 0.02753125
2 0.942787037037037 0.4918177083333333 0.04299074074074074 0.05133854166666666
2 0.7430555555555556 0.033484375000000004 0.11309259259259259 0.029760416666666668