2 0.6296296296296297 0.6828125 0.21851851851851853 0.24270833333333333
2 0.39305555555555555 0.5348958333333333 0.33055555555555555 0.11770833333333333
2 0.412962962962963 0.45260416666666664 0.20185185185185187 0.05416666666666667
2 0.7292314814814815 0.39772916666666663 0.3690462962962963 0.131921875
2 0.745037037037037 0.2984375 0.22764814814814816 0.21785937500000002
2 0.2564814814814815 0.35260416666666666 0.512962962962963 0.11770833333333333
2 0.2037037037037037 0.23203125 0.35185185185185186 0.0953125
2 0.29398148148148145 0.16484375 0.26944444444444443 0.07447916666666667
2 0.39675925925925926 0.28177083333333336 0.1935185185185185 0.04895833333333333
2 0.9171296296296296 0.5697916666666667 0.16574074074074074 0.06041666666666667
2 0.6979537037037037 0.48813020833333337 0.24960185185185185 0.08935937499999999
2 0.629962962962963 0.44121875 0.18452777777777776 0.06919791666666668
2 0.6405462962962962 0.2972447916666667 0.2096574074074074 0.05505729166666666
2 0.9166666666666666 0.12261458333333333 0.16666666666666666 0.24522395833333333
2 0.6917407407407408 0.10329687500000001 0.07330555555555555 0.0546875
2 0.5949074074074074 0.109375 0.08217592592592593 0.040364583333333336
2 0.7725740740740741 0.18912500000000002 0.1550925925925926 0.22655208333333335
2 0.2717037037037037 0.10709895833333333 0.16377777777777777 0.041666666666666664
2 0.21586111111111111 0.043296875 0.08101851851851852 0.08658854166666667
2 0.07841666666666666 0.09456250000000001 0.03646296296296297 0.03418229166666666
2 0.15769444444444444 0.091796875 0.12674074074074074 0.07161458333333333
2 0.4444444444444444 0.024739583333333332 0.056712962962962965 0.049479166666666664
2 0.8232037037037037 0.045734375 0.08854629629629629 0.050458333333333334