2 0.7901944444444444 0.5049218750000001 0.3100185185185185 0.09583333333333334
2 0.5853148148148148 0.42568750000000005 0.1675925925925926 0.11832291666666667
2 0.5727685185185185 0.5666666666666667 0.13442592592592592 0.12291666666666666
2 0.3384259259259259 0.391265625 0.16574074074074074 0.18877604166666667
2 0.38796296296296295 0.624953125 0.18518518518518517 0.18428125
2 0.19697222222222222 0.419578125 0.09763888888888889 0.14909895833333334
2 0.1338425925925926 0.6163333333333333 0.11212037037037037 0.167328125
2 0.43687037037037035 0.4654375 0.05892592592592592 0.07196875
2 0.40025 0.479640625 0.07996296296296296 0.03125
2 0.4318148148148148 0.5475833333333333 0.0707037037037037 0.07907291666666666
2 0.2803055555555556 0.4865052083333333 0.04376851851851852 0.036458333333333336
2 0.25673148148148145 0.52959375 0.050509259259259254 0.047822916666666666
2 0.13636111111111113 0.468515625 0.05892592592592592 0.057291666666666664
2 0.1304722222222222 0.5184635416666666 0.03535185185185185 0.034088541666666666