2 0.6389166666666667 0.6684895833333333 0.22412962962962962 0.22447916666666667
2 0.36846296296296294 0.498390625 0.3156851851851852 0.07122916666666666
2 0.697462962962963 0.4800833333333333 0.3363333333333333 0.078125
2 0.7529444444444444 0.44269270833333335 0.24531481481481482 0.10003645833333333
2 0.7836666666666667 0.25755208333333335 0.4154722222222222 0.10201041666666667
2 0.26955555555555555 0.34780729166666663 0.33540740740740743 0.07398958333333333
2 0.4001944444444444 0.44503645833333333 0.16944444444444445 0.04111458333333333
2 0.31342592592592594 0.2940260416666666 0.27314814814814814 0.06268229166666667
2 0.6394351851851852 0.08180208333333333 0.08061111111111112 0.10661979166666667
2 0.5514722222222223 0.03767708333333333 0.06045370370370371 0.07535937499999999
2 0.4379074074074074 0.25229687500000003 0.10675000000000001 0.027265625
2 0.4684074074074074 0.3013177083333333 0.06644444444444444 0.046260416666666665
2 0.5245092592592593 0.31740104166666666 0.05337962962962963 0.03247395833333334
2 0.5855092592592592 0.42171875000000003 0.06644444444444444 0.06832291666666666
2 0.6222777777777777 0.37484895833333337 0.16067592592592592 0.036458333333333336
2 0.43300925925925926 0.403796875 0.050111111111111106 0.041666666666666664
2 0.5364907407407407 0.41728125 0.06536111111111112 0.044119791666666665
2 0.3501944444444444 0.08872916666666668 0.09589814814814814 0.041296875000000004
2 0.3511944444444445 0.16369270833333335 0.059527777777777784 0.05803645833333334
2 0.2896851851851852 0.15197395833333335 0.046296296296296294 0.07552083333333333
2 0.21428703703703705 0.12388541666666668 0.04364814814814815 0.075890625
2 0.2212314814814815 0.03590104166666667 0.041666666666666664 0.07180208333333334
2 0.9507314814814815 0.030135416666666668 0.08135185185185186 0.060265624999999996
2 0.4061203703703704 0.18875520833333334 0.049185185185185186 0.04796354166666667