2 0.21753703703703703 0.24739583333333334 0.3813796296296296 0.11666666666666667
2 0.4280833333333333 0.30480208333333336 0.2598796296296296 0.12823958333333332
2 0.5208333333333334 0.39817708333333335 0.18981481481481483 0.07552083333333333
2 0.7032407407407407 0.3497395833333333 0.15462962962962962 0.056421874999999996
2 0.7983055555555555 0.22630208333333332 0.16821296296296295 0.0890625
2 0.7962962962962963 0.447453125 0.28703703703703703 0.06782291666666666
2 0.5313796296296296 0.534578125 0.2508240740740741 0.18697916666666667
2 0.7676944444444445 0.5358489583333333 0.2518518518518518 0.05665625
2 0.6847222222222222 0.6346927083333332 0.1787037037037037 0.14832291666666667
2 0.37551851851851853 0.10243229166666666 0.12345370370370372 0.08796354166666666
2 0.12448148148148148 0.06915625 0.07612962962962963 0.078125
2 0.8685185185185185 0.033203125 0.04537037037037037 0.04765625
2 0.6545092592592593 0.20719270833333334 0.04861111111111111 0.04915625
2 0.7881944444444444 0.98275 0.11921296296296297 0.034505208333333336
2 0.9010370370370371 0.62890625 0.08101851851851852 0.047526041666666664
2 0.6744814814814816 0.2592760416666667 0.035305555555555555 0.04134375
2 0.4823518518518519 0.040526041666666665 0.1209537037037037 0.08105729166666667
2 0.19357407407407407 0.07210416666666666 0.07118518518518518 0.03222916666666667