2 0.6185185185185185 0.67265625 0.16111111111111112 0.2109375
2 0.28888888888888886 0.4171875 0.37962962962962965 0.09166666666666666
2 0.20185185185185187 0.2994791666666667 0.3592592592592593 0.08958333333333333
2 0.35324074074074074 0.3453125 0.21203703703703702 0.05
2 0.3875 0.53046875 0.28425925925925927 0.0578125
2 0.6601851851851852 0.5096354166666667 0.20925925925925926 0.0859375
2 0.5637314814814816 0.32230729166666666 0.09104629629629629 0.05850520833333333
2 0.6220648148148149 0.24253645833333334 0.08673148148148148 0.05902604166666667
2 0.6964537037037036 0.4019114583333333 0.3194444444444444 0.09895833333333333
2 0.38354629629629633 0.22856770833333334 0.05484259259259259 0.03966145833333334
2 0.7539166666666667 0.041666666666666664 0.2229351851851852 0.05288541666666667