2 0.6175925925925926 0.6696770833333333 0.15925925925925927 0.16272916666666667
2 0.797787037037037 0.5636302083333333 0.265537037037037 0.09878645833333333
2 0.8341018518518519 0.45894270833333334 0.33178703703703705 0.10850520833333334
2 0.8356481481481481 0.32404687499999996 0.29228703703703707 0.07239583333333334
2 0.4444444444444444 0.38359375 0.2771574074074074 0.11614583333333334
2 0.4666666666666667 0.5 0.3234537037037037 0.12395833333333334
2 0.528962962962963 0.5653645833333333 0.2217037037037037 0.08454687500000001
2 0.7404351851851851 0.5015625 0.1376574074074074 0.042708333333333334
2 0.7160462962962963 0.3758697916666666 0.14321296296296296 0.04340104166666667
2 0.6080277777777777 0.39600520833333336 0.05555555555555555 0.042708333333333334
2 0.5728425925925925 0.2515625 0.10123148148148148 0.053125
2 0.45308333333333334 0.10902604166666667 0.09876851851851852 0.082640625
2 0.5481481481481482 0.16770833333333332 0.08148148148148149 0.08680729166666666
2 0.7719166666666666 0.0859375 0.12160185185185186 0.08298437500000001
2 0.4066759259259259 0.176125 0.07456481481481482 0.028781249999999998
2 0.7563333333333334 0.1256875 0.06042592592592593 0.03865104166666666
2 0.7577962962962963 0.160359375 0.06822222222222223 0.024671875
2 0.6793333333333332 0.09580729166666666 0.03411111111111111 0.036458333333333336
2 0.8057962962962962 0.18133333333333335 0.11939814814814814 0.02549479166666667
2 0.958574074074074 0.13170833333333334 0.08284259259259259 0.13458333333333333
2 0.8937592592592593 0.09882291666666668 0.15594444444444444 0.0973125
2 0.9446851851851852 0.044270833333333336 0.11062037037037037 0.05783854166666667
2 0.7090648148148148 0.19832812500000002 0.04386111111111111 0.032072916666666666
2 0.22685185185185186 0.17207291666666666 0.16880555555555557 0.1943125
2 0.04986111111111111 0.19590625 0.09971296296296296 0.19389583333333332
2 0.27623148148148147 0.07161458333333333 0.04937962962962963 0.07204687500000001
2 0.3595648148148148 0.19231770833333334 0.06481481481481481 0.024015625
2 0.4699074074074074 0.04271354166666667 0.06533333333333334 0.05873958333333333
2 0.4979444444444444 0.03184375 0.06481481481481481 0.0636875
2 0.3323055555555555 0.084359375 0.06481481481481481 0.059895833333333336