2 0.5566388888888889 0.6224843750000001 0.15710185185185185 0.15711979166666667
2 0.6819444444444445 0.5241302083333333 0.2490740740740741 0.098265625
2 0.7862685185185185 0.40295312499999997 0.30710185185185185 0.070484375
2 0.7615740740740741 0.3387135416666667 0.19475 0.07985937500000001
2 0.43210185185185185 0.4973958333333333 0.2382685185185185 0.06180729166666667
2 0.35756481481481484 0.3933177083333333 0.31636111111111115 0.1046875
2 0.2719166666666667 0.30920312499999997 0.3012314814814815 0.06735937500000001
2 0.1175925925925926 0.42586979166666666 0.17962962962962964 0.05520833333333333
2 0.042898148148148144 0.47326562499999997 0.04136111111111111 0.04583333333333333
2 0.03549074074074074 0.36006770833333335 0.07098148148148148 0.11110937500000001
2 0.08950925925925926 0.317359375 0.05185185185185185 0.022223958333333335
2 0.06882407407407408 0.2520833333333333 0.13764814814814816 0.11597395833333332
2 0.1524722222222222 0.14288020833333331 0.26666666666666666 0.14409895833333333
2 0.1413611111111111 0.37083333333333335 0.06789814814814815 0.06666666666666667
2 0.07900925925925925 0.5795156250000001 0.10987962962962963 0.05
2 0.07469444444444445 0.5098958333333333 0.06296296296296296 0.054515625
2 0.08302777777777778 0.692015625 0.046296296296296294 0.06597395833333333
2 0.13641666666666669 0.667015625 0.05802777777777778 0.05625
2 0.062037037037037036 0.6237864583333333 0.027777777777777776 0.03159895833333334
2 0.11851851851851852 0.5788177083333333 0.08025 0.04930729166666667
2 0.6478425925925926 0.43420312499999997 0.14752777777777779 0.051734375
2 0.5064814814814815 0.4371510416666667 0.09567592592592593 0.034026041666666666
2 0.6166666666666667 0.4114583333333333 0.03456481481481481 0.034026041666666666
2 0.6419722222222223 0.2737864583333333 0.061731481481481484 0.051041666666666666
2 0.6268518518518519 0.32135416666666666 0.03518518518518519 0.034375
2 0.6194444444444445 0.325171875 0.09197222222222222 0.03993229166666667
2 0.4925925925925926 0.35260416666666666 0.09136111111111112 0.03368229166666667
2 0.4641944444444444 0.3331614583333333 0.035805555555555556 0.042015625
2 0.48055555555555557 0.29461979166666663 0.06111111111111111 0.027432291666666667
2 0.43271296296296297 0.271875 0.1160462962962963 0.061109375
2 0.37592592592592594 0.063890625 0.10863888888888888 0.12777604166666667
2 0.2836388888888889 0.09878645833333333 0.07592592592592592 0.10381770833333334
2 0.38333333333333336 0.146875 0.1259259259259259 0.126390625
2 0.6055555555555555 0.053125 0.05925925925925926 0.07083333333333333
2 0.7407407407407407 0.18663020833333333 0.0654351851851852 0.035765625
2 0.9617314814814816 0.04288020833333333 0.07653703703703703 0.064234375
2 0.9533981481481482 0.6980885416666667 0.05987962962962963 0.04618229166666667
2 0.6132685185185186 0.8395833333333333 0.06851851851851852 0.061109375
2 0.8580277777777777 0.8838541666666667 0.09136111111111112 0.025348958333333334
2 0.8228425925925925 0.9819427083333333 0.1111111111111111 0.036109375
2 0.9703703703703703 0.9102447916666667 0.05925925925925926 0.030208333333333334
2 0.812037037037037 0.9274322916666667 0.04752777777777777 0.048609374999999996
2 0.9503055555555555 0.965625 0.09937962962962962 0.06041666666666667
2 0.7959907407407407 0.943578125 0.10802777777777778 0.052432291666666665
2 0.5228425925925926 0.8602447916666667 0.06296296296296296 0.07118229166666666
2 0.587037037037037 0.8739583333333333 0.07530555555555556 0.042359375
2 0.38796296296296295 0.9706614583333334 0.05617592592592593 0.05867708333333333
2 0.45 0.8578125 0.09382407407407407 0.03368229166666667
2 0.43117592592592596 0.9027760416666666 0.05617592592592593 0.06527604166666666
2 0.3472222222222222 0.8262135416666666 0.08210185185185186 0.052432291666666665
2 0.26975 0.78125 0.06913888888888889 0.025
2 0.4891944444444445 0.8057291666666667 0.09074074074074075 0.036458333333333336
2 0.3253055555555555 0.88125 0.06049074074074074 0.026390625
2 0.47839814814814813 0.9300364583333334 0.04197222222222222 0.032984374999999996
2 0.21326851851851852 0.8439218749999999 0.04136111111111111 0.04618229166666667
2 0.12932407407407406 0.9015625 0.045064814814814814 0.042708333333333334
2 0.15185185185185185 0.872046875 0.06789814814814815 0.045484375
2 0.1660462962962963 0.9619791666666667 0.06296296296296296 0.03368229166666667
2 0.2324074074074074 0.956078125 0.06358333333333334 0.036458333333333336
2 0.11173148148148149 0.7555572916666667 0.027157407407407404 0.020833333333333332
2 0.17654629629629628 0.7730885416666666 0.07654629629629629 0.020484375
2 0.045064814814814814 0.9534739583333334 0.04321296296296297 0.03125
2 0.1638888888888889 0.5133697916666666 0.0734537037037037 0.064234375
2 0.08055555555555556 0.5434010416666666 0.06851851851851852 0.05069270833333333
2 0.44969444444444445 0.17916666666666667 0.08580555555555555 0.08541666666666667
2 0.1380462962962963 0.032197916666666666 0.06902777777777777 0.06439583333333333