2 0.4381574074074074 0.54784375 0.28267592592592594 0.09866145833333334
2 0.6707037037037037 0.6707239583333333 0.23769444444444443 0.1801354166666667
2 0.6680555555555555 0.17890625 0.1638888888888889 0.1296875
2 0.4125 0.42194791666666664 0.25092592592592594 0.15208333333333332
2 0.30416666666666664 0.23385416666666667 0.287962962962963 0.10625
2 0.7166666666666667 0.44817708333333334 0.19444444444444445 0.1390625
2 0.7268518518518519 0.5479166666666667 0.24259259259259258 0.075
2 0.6921296296296297 0.3263020833333333 0.08611111111111111 0.07760416666666667
2 0.6574074074074074 0.5002604166666667 0.11851851851851852 0.05572916666666667
2 0.8634259259259259 0.44358854166666667 0.27314814814814814 0.08782291666666667
2 0.9722222222222222 0.5052083333333334 0.05555555555555555 0.06979166666666667
2 0.9699074074074074 0.2947916666666667 0.05648148148148148 0.058333333333333334
2 0.6199074074074075 0.35546875 0.10462962962962963 0.050520833333333334
2 0.48194444444444445 0.3703125 0.1361111111111111 0.051041666666666666
2 0.5138888888888888 0.328125 0.053703703703703705 0.059375
2 0.4074074074074074 0.1953125 0.1962962962962963 0.06458333333333334
2 0.8421296296296297 0.515625 0.0787037037037037 0.025
2 0.9045555555555556 0.27564062500000003 0.07122222222222223 0.056088541666666665
2 0.4976851851851852 0.18125 0.11203703703703703 0.10104166666666667