2 0.7494259259259259 0.37793229166666664 0.2673611111111111 0.16940104166666667
2 0.7416666666666667 0.5646510416666667 0.37546296296296294 0.15325520833333334
2 0.6818333333333333 0.6728541666666668 0.3423611111111111 0.12825520833333334
2 0.23785185185185184 0.576109375 0.3539351851851852 0.13893229166666668
2 0.4899351851851852 0.8235677083333334 0.2238425925925926 0.22890625
2 0.33043518518518517 0.6940104166666666 0.31875 0.13515625
2 0.32430555555555557 0.4310572916666667 0.22685185185185186 0.193359375
2 0.4085648148148148 0.6051458333333334 0.1412037037037037 0.042317708333333336
2 0.6140092592592593 0.41113541666666664 0.1701388888888889 0.055338541666666664
2 0.44560185185185186 0.4342447916666667 0.11805555555555555 0.049479166666666664
2 0.7859722222222223 0.127203125 0.11467592592592592 0.07171354166666667
2 0.8005740740740741 0.19190625 0.1424537037037037 0.03846354166666666
2 0.7001388888888889 0.129609375 0.13390740740740742 0.078125
2 0.42663888888888885 0.1328125 0.04558333333333333 0.052484375
2 0.40455555555555556 0.17948958333333334 0.06410185185185185 0.03125
2 0.26851851851851855 0.15364583333333334 0.08547222222222223 0.030848958333333332
2 0.3603981481481482 0.141625 0.07550000000000001 0.032453125
2 0.5099722222222222 0.07511979166666666 0.027064814814814816 0.03405208333333333
2 0.5092592592592593 0.13266145833333334 0.04901851851851852 0.03125
2 0.5127962962962963 0.178 0.12146296296296297 0.04902083333333333
2 0.3115462962962963 0.10186979166666667 0.11437962962962964 0.055453125
2 0.43545370370370373 0.07353125 0.03431481481481482 0.044119791666666665
2 0.7222222222222222 0.07398958333333333 0.07734259259259259 0.03461979166666666
2 0.22249074074074074 0.17447916666666666 0.07352777777777778 0.02175
2 0.04248148148148148 0.2765 0.07407407407407407 0.078125
2 0.038398148148148147 0.3403802083333333 0.07679629629629629 0.04472916666666667
2 0.15387037037037038 0.15426041666666668 0.04847222222222222 0.03891145833333333