2 0.5796296296296296 0.6372395833333333 0.1685185185185185 0.1703125
2 0.3143518518518518 0.46536458333333336 0.3287037037037037 0.11614583333333334
2 0.7768518518518519 0.45338541666666665 0.3814814814814815 0.13802083333333334
2 0.4337962962962963 0.5393229166666667 0.2490740740740741 0.10572916666666667
2 0.21851851851851853 0.34921875 0.2962962962962963 0.11927083333333334
2 0.375 0.26536458333333335 0.18518518518518517 0.0484375
2 0.37777777777777777 0.2903645833333333 0.06111111111111111 0.06614583333333333
2 0.4263888888888889 0.38255208333333335 0.15462962962962962 0.0546875
2 0.6800185185185185 0.29049479166666664 0.10632407407407407 0.05963541666666667
2 0.5041666666666667 0.22421875 0.0824074074074074 0.07135416666666666
2 0.6875 0.15208333333333332 0.09722222222222222 0.06041666666666667
2 0.7587962962962963 0.0921875 0.08425925925925926 0.08958333333333333
2 0.9186481481481481 0.17150520833333335 0.16269444444444445 0.12425520833333333
2 0.9080648148148148 0.3348229166666667 0.16005555555555556 0.07291666666666667
2 0.32737962962962963 0.19642708333333334 0.13624074074074072 0.10119270833333333
2 0.11930555555555555 0.05088020833333333 0.12037037037037036 0.09775520833333333
2 0.12214814814814813 0.19150520833333334 0.08618518518518518 0.08013020833333333
2 0.4024259259259259 0.17528125 0.13817592592592592 0.09815625
2 0.423787037037037 0.11458333333333333 0.09401851851851853 0.05288541666666667
2 0.863962962962963 0.102765625 0.10683333333333334 0.12700520833333334