2 0.5594722222222223 0.6499270833333333 0.18526851851851853 0.13195833333333334
2 0.6540370370370371 0.43711979166666665 0.2927592592592593 0.06221354166666667
2 0.6250833333333333 0.31638020833333336 0.2665 0.08494270833333334
2 0.31928703703703704 0.361109375 0.268212962962963 0.12569270833333335
2 0.28649074074074077 0.45087499999999997 0.30900925925925926 0.07400520833333334
2 0.3597222222222222 0.5536718749999999 0.21876851851851853 0.050140625
2 0.5979351851851852 0.5399635416666667 0.22449074074074074 0.045078125
2 0.4326574074074074 0.5026041666666666 0.08249074074074074 0.0279375
2 0.5483981481481481 0.4893489583333333 0.11363888888888889 0.029828125
2 0.5117870370370371 0.3648177083333334 0.07912037037037037 0.028880208333333334
2 0.2111111111111111 0.15902604166666665 0.11481481481481481 0.030557291666666667
2 0.32314814814814813 0.067015625 0.11419444444444445 0.086109375
2 0.07654629629629629 0.034895833333333334 0.06913888888888889 0.06979166666666667
2 0.20400925925925928 0.12447916666666667 0.04259259259259259 0.039234375
2 0.8175925925925925 0.12408854166666666 0.07962962962962963 0.08203125
2 0.6171296296296296 0.11302083333333333 0.04814814814814815 0.07239583333333334
2 0.9722222222222222 0.39609375 0.05555555555555555 0.03854166666666667
2 0.950462962962963 0.27786458333333336 0.09907407407407408 0.10052083333333334
2 0.9173611111111111 0.36354166666666665 0.033796296296296297 0.04895833333333333
2 0.9361111111111111 0.5578125 0.07314814814814814 0.0484375
2 0.6751111111111111 0.16253125 0.04412037037037037 0.034005208333333335
2 0.33899074074074076 0.14561458333333333 0.08281481481481481 0.09592187499999999