2 0.3101851851851852 0.29834375 0.3585833333333333 0.13872916666666668
2 0.7836666666666667 0.32734375 0.25808333333333333 0.1453125
2 0.26552777777777775 0.46917708333333336 0.4313981481481482 0.11316145833333334
2 0.7688148148148148 0.49296875 0.33644444444444443 0.1734375
2 0.4013888888888889 0.6050677083333333 0.2953703703703704 0.09772916666666666
2 0.7058888888888889 0.5761145833333334 0.31565740740740744 0.11055729166666667
2 0.5074074074074074 0.7364583333333333 0.25555555555555554 0.15473437499999998
2 0.6738240740740741 0.18394791666666668 0.14730555555555555 0.06013020833333334
2 0.6233148148148148 0.352984375 0.13720370370370372 0.04308854166666667
2 0.4810648148148148 0.36789583333333337 0.11868518518518519 0.038828125
2 0.45664814814814814 0.5319583333333333 0.16582407407407407 0.04497916666666667
2 0.90825 0.08996354166666666 0.05892592592592592 0.056817708333333335
2 0.4166666666666667 0.05516145833333333 0.06228703703703704 0.039296875