2 0.748675925925926 0.35520833333333335 0.3066111111111111 0.07544791666666667
2 0.38545370370370374 0.18121354166666667 0.14762037037037037 0.14516145833333333
2 0.7231481481481481 0.26781770833333335 0.29074074074074074 0.12552083333333333
2 0.33941666666666664 0.4081822916666667 0.26666666666666666 0.14508854166666665
2 0.39437962962962964 0.499890625 0.2353148148148148 0.095015625
2 0.6041018518518518 0.602046875 0.18386111111111111 0.15930208333333334
2 0.6815462962962964 0.4946041666666667 0.28135185185185185 0.083703125
2 0.44139814814814815 0.30770312499999997 0.11349074074074074 0.05305208333333333
2 0.25033333333333335 0.10658333333333332 0.12102777777777779 0.13802083333333334
2 0.11673148148148148 0.09840104166666667 0.11838888888888889 0.17224479166666665
2 0.38922222222222225 0.06677604166666667 0.06415740740740741 0.029390625
2 0.5691111111111111 0.10435416666666668 0.12367592592592593 0.0390625
2 0.5648148148148148 0.3022708333333333 0.07804629629629631 0.045760416666666665
2 0.5482777777777778 0.5165572916666666 0.0661388888888889 0.03161979166666667
2 0.5340648148148148 0.4596354166666667 0.06547222222222222 0.07923958333333332
2 0.5522499999999999 0.37909375 0.05026851851851852 0.052828125000000004
2 0.8683888888888889 0.06938020833333333 0.09259259259259259 0.06882291666666666
2 0.4133611111111111 0.10007291666666666 0.09524074074074074 0.028276041666666665
2 0.9601851851851851 0.56171875 0.07962962962962963 0.07552083333333333
2 0.961574074074074 0.61796875 0.07685185185185185 0.03177083333333333