2 0.6911203703703703 0.383546875 0.19267592592592592 0.06983854166666667
2 0.5064351851851853 0.344765625 0.2017685185185185 0.060182291666666665
2 0.4385092592592592 0.45146875000000003 0.21035185185185185 0.08039583333333335
2 0.6230648148148148 0.4828385416666666 0.1367037037037037 0.077984375
2 0.44128703703703703 0.509515625 0.18123148148148147 0.051796875
2 0.6532407407407408 0.5592343750000001 0.2638888888888889 0.07841145833333334
2 0.9238240740740741 0.9481510416666666 0.1523611111111111 0.06486979166666666
2 0.8236574074074073 0.9616458333333333 0.12374074074074073 0.07670312500000001
2 0.601175925925926 0.5300208333333333 0.13939814814814816 0.06372916666666667
2 0.5117870370370371 0.47301041666666666 0.04713888888888888 0.02461979166666667
2 0.6755092592592592 0.2871666666666667 0.12878703703703703 0.042140625
2 0.5946944444444444 0.24810416666666668 0.09175 0.054921875
2 0.3611111111111111 0.17684895833333333 0.13467592592592592 0.12547395833333333
2 0.544611111111111 0.16288020833333333 0.15825 0.06533854166666667
2 0.2222222222222222 0.20170312499999998 0.09932407407407406 0.09469791666666666
2 0.5012592592592593 0.10700520833333332 0.1304722222222222 0.03503645833333333
2 0.5968055555555555 0.09043749999999999 0.07575925925925925 0.06344791666666666
2 0.35395370370370366 0.047822916666666666 0.16750925925925925 0.09564583333333333
2 0.10689814814814814 0.13896875 0.11952777777777777 0.04497916666666667
2 0.08719444444444445 0.022713541666666667 0.057101851851851855 0.04542708333333333
2 0.21425 0.11429166666666667 0.0642962962962963 0.06713020833333333
2 0.25849074074074074 0.13541666666666666 0.047842592592592596 0.07002083333333334
2 0.31275925925925924 0.09780208333333333 0.08127777777777778 0.026619791666666667
2 0.48687962962962966 0.06394791666666667 0.13528703703703704 0.07349479166666667
2 0.6517499999999999 0.08015104166666666 0.05452777777777778 0.05150520833333334
2 0.4711944444444444 0.23090104166666667 0.09362037037037037 0.025463541666666666
2 0.7682592592592593 0.17766145833333333 0.11882407407407408 0.0335625
2 0.8855462962962963 0.14019270833333333 0.12088888888888889 0.072625
2 0.8641944444444445 0.18880208333333334 0.03292592592592593 0.03675
2 0.7757222222222222 0.21166145833333333 0.12037037037037036 0.048901041666666666
2 0.9012314814814815 0.198640625 0.13477777777777777 0.08130729166666667
2 0.875 0.22251041666666668 0.21399074074074076 0.08159374999999999