2 0.70125 0.25364583333333335 0.27343518518518517 0.08958333333333333
2 0.3405648148148148 0.21510416666666668 0.3244259259259259 0.08958333333333333
2 0.354287037037037 0.454296875 0.3511574074074074 0.12682291666666667
2 0.7185185185185186 0.46171875 0.2037037037037037 0.16614583333333333
2 0.48160185185185184 0.56796875 0.22615740740740742 0.12239583333333333
2 0.7022037037037037 0.5688177083333333 0.16273148148148148 0.14361979166666666
2 0.6884259259259259 0.6674479166666667 0.20277777777777778 0.1515625
2 0.5153148148148148 0.45372395833333334 0.11039814814814815 0.034854166666666665
2 0.6292777777777778 0.449921875 0.07621296296296297 0.043270833333333335
2 0.4900277777777778 0.30047916666666663 0.08262037037037037 0.03125
2 0.12214814814814813 0.046875 0.1559814814814815 0.08013020833333333
2 0.5039166666666667 0.09234895833333333 0.0819074074074074 0.026041666666666668
2 0.9245 0.5761197916666667 0.15100000000000002 0.06730729166666666