2 0.30995370370370373 0.4746770833333333 0.425462962962963 0.130859375
2 0.3678240740740741 0.3555364583333333 0.2449074074074074 0.15768229166666667
2 0.8291666666666667 0.23567708333333334 0.3138888888888889 0.13489583333333333
2 0.7662037037037037 0.45091145833333335 0.3060185185185185 0.16588541666666667
2 0.47824074074074074 0.6064479166666668 0.19398148148148148 0.14153645833333334
2 0.7126203703703704 0.5723958333333333 0.25439814814814815 0.10416666666666667
2 0.5712962962962963 0.7119791666666667 0.19814814814814816 0.16979166666666667
2 0.3414351851851852 0.10840104166666667 0.23842592592592593 0.044921875
2 0.8038240740740741 0.03418229166666666 0.09606481481481481 0.068359375
2 0.6817129629629629 0.12011979166666667 0.14814814814814814 0.035807291666666664
2 0.21836111111111112 0.06488541666666667 0.20678703703703705 0.10894270833333333