2 0.1661388888888889 0.29918229166666666 0.33042592592592596 0.094640625
2 0.5550925925925926 0.6528645833333333 0.09907407407407408 0.17135416666666667
2 0.19074074074074074 0.4140625 0.3537037037037037 0.115625
2 0.5968888888888889 0.32139062500000004 0.18293518518518517 0.12120312500000001
2 0.6622314814814815 0.42116666666666663 0.3226203703703704 0.16733854166666667
2 0.34299074074074076 0.4875 0.27116666666666667 0.11041666666666666
2 0.6509259259259259 0.5458697916666666 0.22037037037037038 0.05632291666666667
2 0.3656111111111111 0.4190833333333333 0.14047222222222222 0.0546875
2 0.3906759259259259 0.31302083333333336 0.10938888888888888 0.04895833333333333
2 0.45237962962962963 0.39248437500000005 0.10317592592592593 0.07068229166666667
2 0.5707685185185185 0.501859375 0.09126851851851851 0.03496875
2 0.48148148148148145 0.4910729166666667 0.06084259259259259 0.03125
2 0.39749074074074076 0.17076041666666666 0.054231481481481485 0.05878125
2 0.6633611111111111 0.16703645833333333 0.21561111111111111 0.11234895833333333
2 0.244712962962963 0.189734375 0.17460185185185184 0.07142708333333332
2 0.8611111111111112 0.14471875 0.10846296296296297 0.084078125
2 0.9305555555555556 0.3656979166666667 0.1388888888888889 0.11234895833333333
2 0.876324074074074 0.06659375 0.18121296296296296 0.06175520833333333
2 0.4971481481481481 0.14022395833333334 0.0840462962962963 0.05288541666666667
2 0.9091851851851851 0.29747395833333334 0.060537037037037035 0.033255208333333335
2 0.950138888888889 0.16846875 0.06979629629629629 0.029244791666666665