2 0.3294722222222222 0.31878124999999996 0.2700648148148148 0.15827604166666667
2 0.7514907407407407 0.36785416666666665 0.33323148148148146 0.09322916666666667
2 0.4700648148148148 0.5241614583333333 0.22057407407407406 0.07158333333333333
2 0.618574074074074 0.6081875 0.18446296296296297 0.16938541666666668
2 0.7253055555555556 0.48292708333333334 0.257 0.063890625
2 0.44372222222222224 0.33671875 0.13353703703703704 0.05654166666666667
2 0.5881203703703703 0.2969322916666667 0.1492777777777778 0.05034895833333333
2 0.6502037037037037 0.43605208333333334 0.1460925925925926 0.0445625
2 0.5443148148148148 0.2565104166666667 0.037037037037037035 0.04203645833333333
2 0.5294351851851852 0.47489062499999996 0.10515740740740741 0.0390625
2 0.32804629629629634 0.17280729166666667 0.20105555555555554 0.05022395833333334
2 0.7994074074074075 0.10602604166666667 0.33690740740740743 0.11830208333333332
2 0.13148148148148148 0.1015625 0.26296296296296295 0.08645833333333333