2 0.24517592592592594 0.5132083333333334 0.3125648148148148 0.11108854166666667
2 0.32923148148148146 0.40539583333333334 0.1603148148148148 0.042484375
2 0.5367685185185186 0.45230729166666667 0.1029074074074074 0.05163541666666667
2 0.2683240740740741 0.6261145833333334 0.2689166666666667 0.11354166666666667
2 0.5332037037037037 0.703421875 0.1470925925925926 0.13258854166666667
2 0.27493518518518517 0.7880572916666666 0.24722222222222223 0.10349479166666667
2 0.2991388888888889 0.7124635416666667 0.2279074074074074 0.06838020833333333
2 0.5785740740740741 0.6009687499999999 0.11719444444444443 0.115625
2 0.44074074074074077 0.225 0.10555555555555556 0.11354166666666667
2 0.36527777777777776 0.134375 0.1935185185185185 0.0875
2 0.09259259259259259 0.13984375 0.18518518518518517 0.1109375
2 0.1050925925925926 0.23333333333333334 0.2101851851851852 0.084375
2 0.1638888888888889 0.11119791666666666 0.1259259259259259 0.0390625
2 0.36527777777777776 0.04583333333333333 0.20833333333333334 0.09166666666666666
2 0.723212962962963 0.095421875 0.08267592592592593 0.028645833333333332
2 0.7946388888888889 0.3543541666666667 0.10515740740740741 0.14471875
2 0.4041018518518519 0.5496666666666666 0.11375925925925925 0.037572916666666664
2 0.43419444444444444 0.5228802083333333 0.05092592592592592 0.036828124999999996
2 0.3720277777777778 0.677453125 0.1289722222222222 0.037203125000000004
2 0.4583333333333333 0.7643229166666666 0.1124351851851852 0.10305208333333334
2 0.46197222222222223 0.7083333333333334 0.08002777777777778 0.037203125000000004
2 0.4982685185185185 0.6101875 0.08217592592592593 0.028322916666666666
2 0.4852407407407407 0.58284375 0.05150925925925926 0.028973958333333334
2 0.4635462962962963 0.4916979166666666 0.041666666666666664 0.026369791666666666
2 0.49942592592592594 0.4923489583333333 0.06018518518518518 0.015953125