2 0.4486111111111111 0.677640625 0.1787037037037037 0.16852604166666665
2 0.2960277777777778 0.56796875 0.23465740740740743 0.0828125
2 0.19305555555555556 0.49270833333333336 0.3416666666666667 0.09166666666666666
2 0.5937870370370371 0.49973958333333335 0.2521203703703704 0.12760416666666666
2 0.21462037037037035 0.33541666666666664 0.2088611111111111 0.0625
2 0.5452407407407408 0.2765625 0.14179629629629628 0.058333333333333334
2 0.6310185185185185 0.38638541666666665 0.31071296296296297 0.14613020833333332
2 0.5574074074074075 0.5602864583333333 0.22592592592592592 0.07630208333333334
2 0.19774999999999998 0.44345312499999995 0.3082037037037037 0.13988020833333334
2 0.2916666666666667 0.37202604166666664 0.09920370370370371 0.04315625
2 0.5079351851851852 0.3984375 0.14021296296296296 0.05431770833333334
2 0.8234166666666667 0.09858854166666667 0.11772222222222223 0.08556770833333333
2 0.9091481481481481 0.2613958333333333 0.13310185185185186 0.134765625
2 0.7905092592592593 0.31477083333333333 0.1550925925925926 0.12563541666666667
2 0.5376203703703704 0.18294270833333334 0.08217592592592593 0.08072916666666667
2 0.3512777777777778 0.220703125 0.10532407407407407 0.08333333333333333
2 0.6493055555555556 0.21647395833333333 0.1736111111111111 0.06966145833333333
2 0.8130833333333334 0.20605729166666667 0.09143518518518519 0.031901041666666664
2 0.9155092592592593 0.14973958333333334 0.05555555555555555 0.05078125
2 0.6979166666666666 0.034833333333333334 0.32407407407407407 0.06966145833333333
2 0.4930555555555556 0.06901041666666667 0.05555555555555555 0.053385416666666664
2 0.26910185185185187 0.23926041666666667 0.11226851851851852 0.09049479166666667
2 0.46412037037037035 0.5094375 0.08333333333333333 0.043619791666666664
2 0.4513888888888889 0.48209375 0.05092592592592592 0.038411458333333336
2 0.38425925925925924 0.44433333333333336 0.08564814814814815 0.06575520833333333
2 0.13532407407407407 0.14863541666666666 0.0441574074074074 0.033656250000000006
2 0.8030648148148147 0.15605208333333334 0.05199074074074074 0.043671875
2 0.9084722222222222 0.41446354166666666 0.037750000000000006 0.030046874999999997
2 0.8693055555555556 0.3820104166666667 0.04201851851851852 0.03165104166666667
2 0.8297685185185185 0.4280833333333333 0.08119444444444444 0.058093750000000006