2 0.562037037037037 0.63671875 0.17037037037037037 0.15572916666666667
2 0.6361111111111111 0.51171875 0.24444444444444444 0.0640625
2 0.3912037037037037 0.5182291666666666 0.20092592592592592 0.07083333333333333
2 0.712037037037037 0.42578125 0.29074074074074074 0.09427083333333333
2 0.26805555555555555 0.4421875 0.41388888888888886 0.11354166666666667
2 0.7181203703703705 0.288953125 0.17857407407407408 0.08400520833333333
2 0.21944444444444444 0.284375 0.3851851851851852 0.115625
2 0.807212962962963 0.3843020833333333 0.08928703703703704 0.11086458333333334
2 0.9236111111111112 0.32217187500000005 0.12764814814814815 0.07366145833333333
2 0.8978148148148148 0.630578125 0.13425925925925927 0.095984375
2 0.9381574074074075 0.5277135416666667 0.12367592592592593 0.06361458333333334
2 0.5664722222222222 0.20219270833333333 0.0720925925925926 0.07477604166666667
2 0.6934537037037036 0.13727604166666665 0.046953703703703706 0.03869270833333334
2 0.6511574074074075 0.184375 0.05324074074074074 0.08125
2 0.6131944444444445 0.16510416666666666 0.0375 0.044270833333333336
2 0.804787037037037 0.17860416666666667 0.08641666666666667 0.05772395833333333
2 0.9158981481481481 0.2690989583333333 0.032407407407407406 0.04253645833333333
2 0.9787777777777777 0.21245833333333333 0.04243518518518519 0.056859375000000004
2 0.8225277777777779 0.24240625000000002 0.16975 0.052515624999999996
2 0.8553240740740741 0.5444895833333334 0.07175925925925926 0.07508854166666666
2 0.8387314814814815 0.12521875 0.10030555555555555 0.07248437499999999
2 0.4994537037037037 0.208484375 0.05446296296296296 0.055453125
2 0.12010185185185186 0.19730208333333332 0.07679629629629629 0.022671875