2 0.542212962962963 0.677578125 0.1869537037037037 0.19237500000000002
2 0.6739074074074074 0.437453125 0.29074074074074074 0.08816145833333335
2 0.346212962962963 0.540578125 0.24612962962962961 0.07111979166666667
2 0.28535185185185186 0.45426041666666667 0.2760925925925926 0.06297395833333333
2 0.5619907407407407 0.5067447916666666 0.13712037037037036 0.03783333333333334
2 0.3598518518518518 0.2877604166666667 0.10269444444444444 0.036223958333333334
2 0.38910185185185187 0.3856510416666667 0.040824074074074075 0.04024479166666666
2 0.3947777777777778 0.3969010416666666 0.10942592592592593 0.03858854166666667
2 0.5437685185185185 0.4127604166666667 0.1338425925925926 0.04143229166666666
2 0.5831203703703703 0.3721510416666666 0.06355555555555556 0.057755208333333335
2 0.4936851851851851 0.35841666666666666 0.05471296296296296 0.029828125
2 0.562287037037037 0.28089583333333334 0.18434259259259259 0.048531250000000005
2 0.42171296296296296 0.489703125 0.09932407407407406 0.04143229166666666
2 0.4478148148148148 0.4686302083333333 0.04713888888888888 0.03054166666666667
2 0.2640185185185185 0.38563020833333334 0.1928425925925926 0.10364583333333334
2 0.5732314814814815 0.24278125 0.04713888888888888 0.031484375
2 0.3388055555555556 0.24727604166666667 0.13720370370370372 0.04095833333333333
2 0.5774444444444444 0.16915104166666667 0.17255555555555557 0.05042708333333333
2 0.3287037037037037 0.11848958333333333 0.23148148148148148 0.06510416666666667
2 0.34953703703703703 0.04371354166666667 0.12764814814814815 0.08742708333333334
2 0.06878703703703705 0.060083333333333336 0.10846296296296297 0.08444791666666666
2 0.41700000000000004 0.19140625 0.056212962962962965 0.059895833333333336
2 0.59575 0.20951562499999998 0.054296296296296294 0.011364583333333334
2 0.6439351851851852 0.06960416666666666 0.07660185185185185 0.06960416666666666
2 0.8428055555555556 0.053739583333333334 0.23442592592592593 0.10747916666666667
2 0.8522037037037037 0.109375 0.22862962962962963 0.14263020833333334
2 0.7962962962962963 0.22315625 0.07692592592592593 0.08333333333333333
2 0.8539537037037037 0.18915625 0.06060185185185185 0.11363020833333333
2 0.9326574074074074 0.13151041666666666 0.05218518518518518 0.0859375
2 0.9048796296296296 0.30078125 0.11026851851851852 0.06841666666666667
2 0.8655277777777778 0.3153385416666667 0.09385185185185185 0.05539583333333333
2 0.9722222222222222 0.23627083333333332 0.05555555555555555 0.0279375
2 0.8661574074074074 0.442 0.11026851851851852 0.041666666666666664
2 0.9494907407407408 0.3374739583333334 0.06144444444444445 0.02059895833333333
2 0.8960462962962963 0.5062760416666666 0.14225925925925925 0.062265625
2 0.9286574074074074 0.5409583333333334 0.05765740740740741 0.032671874999999996
2 0.867 0.561078125 0.0707037037037037 0.05823958333333333
2 0.9671759259259259 0.4599895833333333 0.03956481481481481 0.030302083333333334
2 0.8796296296296297 0.9444791666666668 0.17171296296296296 0.09445833333333334
2 0.027157407407407404 0.46336979166666664 0.040740740740740744 0.037848958333333335
2 0.03549074074074074 0.356421875 0.04752777777777777 0.049651041666666666