2 0.2912037037037037 0.219359375 0.3972222222222222 0.12586979166666665
2 0.36203703703703705 0.4151927083333333 0.27037037037037037 0.15225520833333334
2 0.4123425925925926 0.3137135416666667 0.14691666666666667 0.048609374999999996
2 0.3026203703703704 0.6236979166666666 0.21326851851851852 0.184203125
2 0.5231481481481481 0.4894114583333333 0.24382407407407405 0.06215104166666666
2 0.24675925925925926 0.5225677083333333 0.2601851851851852 0.08715104166666668
2 0.817287037037037 0.22586979166666668 0.2111111111111111 0.06493229166666667
2 0.9030833333333333 0.295484375 0.13333333333333333 0.13263541666666667
2 0.6947500000000001 0.2727395833333333 0.2895092592592593 0.09756770833333334
2 0.5944444444444444 0.37604166666666666 0.1271574074074074 0.10972395833333333
2 0.9416666666666667 0.3734375 0.11666666666666667 0.03854166666666667
2 0.5111111111111111 0.43941145833333334 0.06789814814814815 0.04895833333333333
2 0.5648148148148148 0.306421875 0.14444444444444443 0.042708333333333334
2 0.5561759259259259 0.223609375 0.1 0.07985937500000001
2 0.917287037037037 0.5581614583333334 0.16543518518518519 0.065625