2 0.5263888888888889 0.6432291666666666 0.13425925925925927 0.140625
2 0.6111111111111112 0.55859375 0.15925925925925927 0.08697916666666666
2 0.6597962962962963 0.4661458333333333 0.23225 0.078125
2 0.6337962962962963 0.39752604166666666 0.15648148148148147 0.10911458333333333
2 0.4425925925925926 0.5612395833333333 0.16111111111111112 0.08290104166666666
2 0.4021574074074074 0.49053645833333337 0.21049074074074076 0.10433854166666667
2 0.3496111111111111 0.36614583333333334 0.23626851851851852 0.09166666666666666
2 0.5794722222222223 0.2823333333333334 0.10185185185185185 0.037760416666666664
2 0.4347962962962963 0.2619375 0.1350277777777778 0.056859375000000004
2 0.5590277777777778 0.17295833333333333 0.24305555555555555 0.17317708333333334
2 0.5871944444444444 0.04969791666666667 0.07562037037037037 0.09244791666666667
2 0.6766944444444445 0.09092708333333334 0.12037037037037036 0.03949479166666667
2 0.33988888888888885 0.11566666666666667 0.09027777777777778 0.04209895833333333
2 0.2604166666666667 0.05967708333333333 0.1288611111111111 0.05078125
2 0.8206018518518519 0.17925520833333333 0.07484259259259259 0.10243229166666666
2 0.9696481481481481 0.3203125 0.060703703703703704 0.04051041666666667
2 0.9392962962962963 0.38136458333333334 0.051444444444444445 0.0179375
2 0.9408425925925926 0.31322395833333333 0.05555555555555555 0.03095833333333333
2 0.9742777777777778 0.23046875 0.051444444444444445 0.05005729166666666
2 0.971962962962963 0.218171875 0.046814814814814816 0.048609374999999996
2 0.7075648148148148 0.17288541666666665 0.14249074074074072 0.09751041666666667
2 0.844574074074074 0.9596354166666666 0.1587314814814815 0.056921875000000004
2 0.9394814814814815 0.5496666666666666 0.09193518518518519 0.03608854166666667
2 0.9284351851851852 0.3626302083333333 0.04513888888888889 0.018229166666666668
2 0.9480092592592593 0.6794895833333333 0.10399074074074074 0.054489583333333334