2 0.5038611111111111 0.7167552083333334 0.20030555555555557 0.20191145833333335
2 0.6550925925925926 0.6026041666666667 0.2898148148148148 0.09791666666666667
2 0.31805555555555554 0.5799479166666667 0.25092592592592594 0.0765625
2 0.7912037037037037 0.21640625 0.262037037037037 0.06510416666666667
2 0.8180555555555555 0.35963541666666665 0.18055555555555555 0.10052083333333334
2 0.7805555555555556 0.4505208333333333 0.4388888888888889 0.05416666666666667
2 0.28055555555555556 0.4166666666666667 0.3 0.14791666666666667
2 0.19675925925925927 0.3015625 0.39351851851851855 0.125
2 0.25601851851851853 0.20807291666666666 0.2212962962962963 0.11614583333333334
2 0.5699074074074074 0.5026041666666666 0.12314814814814815 0.035416666666666666
2 0.3939814814814815 0.5036458333333333 0.14537037037037037 0.04583333333333333
2 0.5314814814814814 0.47317708333333336 0.06666666666666667 0.030729166666666665
2 0.6212962962962963 0.37083333333333335 0.17037037037037037 0.041666666666666664
2 0.4162037037037037 0.3375 0.15092592592592594 0.06979166666666667
2 0.5972222222222222 0.3385416666666667 0.0962962962962963 0.04479166666666667
2 0.6597222222222222 0.2786458333333333 0.0712962962962963 0.06145833333333333
2 0.6430555555555556 0.24296875 0.04722222222222222 0.033854166666666664
2 0.44305555555555554 0.22083333333333333 0.06759259259259259 0.04895833333333333
2 0.45787037037037037 0.178125 0.06018518518518518 0.0375
2 0.2537037037037037 0.1046875 0.1574074074074074 0.121875
2 0.5527777777777778 0.07369791666666667 0.17777777777777778 0.06927083333333334
2 0.7236111111111111 0.07239583333333334 0.11574074074074074 0.14479166666666668
2 0.3351851851851852 0.02890625 0.08148148148148149 0.0265625
2 0.9097222222222222 0.3658854166666667 0.058333333333333334 0.09635416666666667
2 0.9166666666666666 0.59921875 0.16666666666666666 0.1046875