2 0.8403796296296296 0.33035416666666667 0.2972222222222222 0.11429166666666667
2 0.3287037037037037 0.3979479166666666 0.40555555555555556 0.12505729166666668
2 0.6217592592592592 0.520890625 0.17314814814814813 0.18946875
2 0.2459351851851852 0.5186614583333333 0.32479629629629625 0.093578125
2 0.4615740740740741 0.5857083333333333 0.15030555555555555 0.14676041666666664
2 0.20674074074074075 0.6267656250000001 0.2961944444444444 0.13188541666666667
2 0.5643518518518519 0.22311979166666665 0.225 0.13292708333333333
2 0.35750925925925925 0.5963541666666666 0.06275925925925926 0.05613541666666667
2 0.7283981481481481 0.19820833333333335 0.16666666666666666 0.0491875
2 0.6635833333333333 0.32957291666666666 0.11316666666666667 0.03877083333333333
2 0.5694444444444444 0.3368072916666666 0.06892592592592592 0.047453125
2 0.44136111111111115 0.45862499999999995 0.09464814814814815 0.04224479166666666
2 0.5226296296296297 0.47801041666666666 0.06996296296296296 0.05902604166666667
2 0.08385185185185186 0.16493229166666667 0.16769444444444445 0.19907291666666668
2 0.10937962962962963 0.05078125 0.09027777777777778 0.03515625