2 0.7477962962962963 0.6400572916666667 0.17216666666666666 0.14617187499999998
2 0.753462962962963 0.52578125 0.2393796296296296 0.06302083333333333
2 0.736574074074074 0.44178645833333335 0.23981481481481481 0.068984375
2 0.687037037037037 0.3251875 0.24697222222222223 0.07783854166666666
2 0.559037037037037 0.5809895833333333 0.13507407407407407 0.10677083333333333
2 0.44351851851851853 0.46067708333333335 0.26481481481481484 0.06927083333333334
2 0.39667592592592593 0.304453125 0.11742592592592592 0.064296875
2 0.5387222222222222 0.254453125 0.12374074074074073 0.06127083333333334
2 0.47625925925925927 0.41913020833333337 0.15656481481481482 0.145546875
2 0.6670462962962963 0.11925520833333333 0.18518518518518517 0.0546875
2 0.6203703703703703 0.3700260416666667 0.10100925925925926 0.044036458333333334
2 0.7559907407407408 0.07552083333333333 0.17102777777777778 0.08547916666666668
2 0.5266851851851853 0.08256770833333334 0.13072222222222224 0.05483854166666667
2 0.8093703703703704 0.17570312500000002 0.08932407407407407 0.029718750000000002
2 0.7685185185185185 0.12224479166666667 0.09368518518518519 0.036765625
2 0.9550648148148149 0.21047916666666666 0.08987037037037038 0.03125
2 0.9547962962962964 0.2469375 0.09040740740740741 0.033703124999999994
2 0.9654166666666667 0.14581249999999998 0.06916666666666667 0.103515625
2 0.8965185185185185 0.081953125 0.04139814814814815 0.044421875000000006
2 0.9000555555555555 0.15655729166666665 0.06699074074074074 0.0655625
2 0.2753055555555555 0.15659895833333334 0.13456481481481483 0.059723958333333334
2 0.5265462962962962 0.16396875 0.18149074074074073 0.054328125
2 0.41309259259259257 0.15281770833333336 0.05513888888888888 0.034328125
2 0.44507407407407407 0.15636979166666667 0.031564814814814816 0.040484375
2 0.9506203703703704 0.5086822916666667 0.03086111111111111 0.028473958333333334
2 0.9410462962962963 0.40729166666666666 0.04752777777777777 0.04444270833333333
2 0.6907407407407408 0.16753645833333333 0.09012037037037036 0.035765625