2 0.7251203703703704 0.7196250000000001 0.3097962962962963 0.19133854166666667
2 0.3651296296296296 0.601546875 0.29235185185185186 0.08807812500000001
2 0.7513425925925926 0.35594791666666664 0.3635925925925926 0.09002083333333334
2 0.7405925925925926 0.24451562500000001 0.2814814814814815 0.11732291666666667
2 0.20221296296296296 0.5229583333333333 0.39887962962962964 0.10024479166666667
2 0.14983333333333332 0.40831770833333336 0.22909259259259257 0.15178125
2 0.34902777777777777 0.4277708333333334 0.15545370370370368 0.06069270833333333
2 0.26511111111111113 0.18434895833333334 0.21539814814814814 0.103890625
2 0.2909351851851852 0.242875 0.17446296296296296 0.05976041666666666
2 0.27728703703703705 0.42173958333333333 0.07602777777777778 0.08305729166666667
2 0.4110648148148148 0.40309895833333337 0.08137962962962964 0.030973958333333333
2 0.5021944444444445 0.3470416666666667 0.10575 0.03125
2 0.5760277777777778 0.45271354166666666 0.20273148148148148 0.05126041666666667
2 0.41447222222222224 0.5374166666666667 0.1291388888888889 0.04413541666666666
2 0.5492222222222222 0.5524947916666666 0.056527777777777774 0.0589375
2 0.5504351851851852 0.6535104166666666 0.07748148148148148 0.037828125
2 0.5940555555555556 0.6188333333333333 0.04678703703703704 0.020557291666666665
2 0.597712962962963 0.41502083333333334 0.08528703703703704 0.06797395833333333
2 0.5077962962962963 0.2715208333333334 0.05848148148148148 0.037557291666666666
2 0.545074074074074 0.3216822916666667 0.03752777777777778 0.034265625
2 0.6530185185185186 0.1421302083333333 0.2192962962962963 0.06551562500000001
2 0.9047037037037038 0.11761979166666667 0.14583333333333334 0.06683854166666667
2 0.623074074074074 0.07074479166666667 0.2013888888888889 0.14149479166666667
2 0.28703703703703703 0.11480208333333333 0.10956481481481481 0.07769270833333333
2 0.6072500000000001 0.189453125 0.21604629629629632 0.060328124999999996