2 0.7018148148148149 0.22213541666666667 0.3519259259259259 0.14036458333333332
2 0.3476851851851852 0.3059895833333333 0.20462962962962963 0.17552083333333332
2 0.7842592592592592 0.4197916666666667 0.37222222222222223 0.15625
2 0.3678240740740741 0.46139583333333334 0.31157407407407406 0.20924479166666668
2 0.7260462962962962 0.5909531250000001 0.3386574074074074 0.144140625
2 0.44305555555555554 0.6184270833333334 0.21574074074074073 0.152734375
2 0.5880833333333333 0.756640625 0.24791666666666667 0.23880208333333333
2 0.6336851851851851 0.472984375 0.1724537037037037 0.059244791666666664
2 0.473962962962963 0.4762395833333333 0.1261574074074074 0.039713541666666664
2 0.4804166666666667 0.131609375 0.10185185185185185 0.03966145833333334
2 0.5487870370370371 0.06830729166666667 0.0961574074074074 0.03165104166666667
2 0.8465092592592592 0.092546875 0.0904537037037037 0.048078125
2 0.7033518518518519 0.11658854166666667 0.0690925925925926 0.02884375
2 0.7656666666666666 0.07051041666666666 0.05412962962962963 0.06330208333333334