2 0.6973333333333334 0.6885833333333333 0.26720370370370367 0.11015625
2 0.7306666666666667 0.5692291666666667 0.2747685185185185 0.07595312500000001
2 0.7292407407407407 0.490234375 0.27067592592592593 0.11380208333333333
2 0.7677037037037037 0.34782812500000004 0.28680555555555554 0.13350520833333332
2 0.2970277777777778 0.34468229166666664 0.2877314814814815 0.09761458333333332
2 0.3032037037037037 0.427234375 0.28248148148148144 0.076171875
2 0.43221296296296297 0.5484791666666666 0.2621111111111111 0.06484375
2 0.22366666666666668 0.17350520833333333 0.19039814814814815 0.10677083333333333
2 0.3104722222222222 0.10807291666666667 0.10590740740740741 0.06770833333333333
2 0.3732685185185185 0.196453125 0.07175925925925926 0.07324479166666667
2 0.44878703703703704 0.0616875 0.14410185185185184 0.056963541666666666
2 0.5743611111111111 0.042645833333333334 0.10126851851851852 0.044270833333333336
2 0.49016666666666664 0.213921875 0.09375 0.027234374999999998
2 0.49325 0.19379166666666667 0.036648148148148145 0.032984374999999996
2 0.4801296296296296 0.34624479166666666 0.04359259259259259 0.046656249999999996
2 0.44830555555555557 0.3014322916666667 0.028546296296296295 0.030817708333333336
2 0.46373148148148147 0.464734375 0.06018518518518518 0.047093750000000004
2 0.4865 0.40679166666666666 0.13271296296296298 0.07139583333333334
2 0.5933611111111111 0.44281770833333334 0.08256481481481481 0.07400000000000001
2 0.5277777777777778 0.4723333333333333 0.0663611111111111 0.024958333333333336
2 0.47800925925925924 0.5088958333333333 0.14351851851851852 0.04991145833333333
2 0.5619259259259259 0.5945104166666667 0.02662037037037037 0.029729166666666664
2 0.6205648148148148 0.615015625 0.059027777777777776 0.024307291666666668
2 0.953074074074074 0.23847916666666666 0.09385185185185185 0.13747395833333334
2 0.955324074074074 0.14713020833333335 0.08935185185185185 0.16925520833333335
2 0.7881944444444444 0.24140625 0.13935185185185187 0.040625
2 0.5340277777777778 0.12096354166666666 0.12453703703703704 0.048177083333333336
2 0.893287037037037 0.06550520833333333 0.09398148148148149 0.12371875
2 0.8247685185185185 0.049479166666666664 0.0763888888888889 0.09896354166666667
2 0.07175925925925926 0.28463541666666664 0.14351851851851852 0.049479166666666664
2 0.11342592592592593 0.249609375 0.2064814814814815 0.05182291666666667
2 0.06180555555555556 0.43333333333333335 0.09583333333333334 0.075
2 0.06342592592592593 0.487890625 0.041666666666666664 0.047135416666666666
2 0.033796296296296297 0.6088541666666667 0.030555555555555555 0.034895833333333334
2 0.059953703703703703 0.16028645833333333 0.11990740740740741 0.13358854166666667