2 0.7476203703703703 0.6880208333333333 0.2714259259259259 0.17306770833333335
2 0.39219444444444446 0.578234375 0.2759259259259259 0.09694791666666666
2 0.23154629629629628 0.4761927083333333 0.35198148148148145 0.08601041666666666
2 0.6949074074074074 0.4200520833333333 0.3527777777777778 0.050520833333333334
2 0.6617685185185186 0.49055208333333333 0.26058333333333333 0.124109375
2 0.16971296296296295 0.4169635416666667 0.20978703703703702 0.12916666666666668
2 0.6065462962962963 0.33229166666666665 0.2593888888888889 0.065625
2 0.78075 0.13820833333333335 0.06018518518518518 0.053197916666666664
2 0.7331388888888889 0.17429166666666665 0.06415740740740741 0.07477604166666667
2 0.6848518518518518 0.20647395833333335 0.044314814814814814 0.05059375
2 0.9064166666666666 0.19494270833333335 0.14749074074074073 0.029760416666666668
2 0.858462962962963 0.10528124999999999 0.05555555555555555 0.08482291666666668
2 0.5195092592592593 0.0310625 0.0720925925925926 0.062125
2 0.4398148148148148 0.10453645833333333 0.12434259259259259 0.0625
2 0.43849074074074074 0.263390625 0.10317592592592593 0.06994270833333333
2 0.24139814814814814 0.2965052083333333 0.1375648148148148 0.04761979166666667
2 0.30092592592592593 0.3331458333333333 0.03836111111111111 0.05543229166666667
2 0.34193518518518523 0.39639062500000005 0.12698148148148147 0.030880208333333332
2 0.38558333333333333 0.5087447916666666 0.1653425925925926 0.037572916666666664
2 0.6081388888888889 0.5595260416666666 0.05753703703703704 0.04984895833333333
2 0.5757314814814815 0.5961666666666667 0.0667962962962963 0.027901041666666668
2 0.512898148148148 0.4447552083333333 0.08399074074074074 0.025671875
2 0.5343888888888889 0.4486614583333333 0.10846296296296297 0.08184374999999999
2 0.9222870370370371 0.47563020833333336 0.10250925925925926 0.07923958333333332
2 0.9279074074074074 0.5638020833333334 0.0793611111111111 0.088171875
2 0.9199722222222223 0.3504479166666667 0.05555555555555555 0.06994270833333333
2 0.8895462962962963 0.2857135416666667 0.1124351851851852 0.04761979166666667
2 0.8518518518518519 0.228234375 0.1045 0.04203645833333333
2 0.9475277777777779 0.09505208333333333 0.10493518518518519 0.18489583333333334
2 0.769287037037037 0.0703125 0.11574074074074074 0.030380208333333332
2 0.5663611111111111 0.24457291666666667 0.10802777777777778 0.04209895833333333
2 0.7596481481481481 0.24305729166666667 0.13039814814814815 0.027776041666666664
2 0.3595648148148148 0.21050520833333333 0.15895370370370368 0.04340104166666667
2 0.16319444444444445 0.22157291666666667 0.2075648148148148 0.10459895833333334
2 0.13696296296296295 0.08311458333333334 0.27391666666666664 0.13758854166666667