2 0.6988981481481481 0.6137812500000001 0.18283333333333335 0.08077083333333333
2 0.7488981481481481 0.5253020833333334 0.23183333333333334 0.08497395833333334
2 0.7850462962962963 0.40354687499999997 0.2575462962962963 0.095953125
2 0.4901388888888889 0.6048697916666667 0.20505555555555557 0.09074479166666666
2 0.46499074074074076 0.507109375 0.2818333333333333 0.112859375
2 0.43365740740740744 0.38235416666666666 0.22343518518518518 0.129046875
2 0.49041666666666667 0.264421875 0.1675925925925926 0.06041666666666667
2 0.55 0.41364062500000004 0.1259259259259259 0.046677083333333334
2 0.34294444444444444 0.109375 0.08475925925925927 0.07211458333333334
2 0.24465740740740743 0.05849479166666667 0.09473148148148149 0.04486979166666667
2 0.6495740740740741 0.3359375 0.13532407407407407 0.09014583333333334
2 0.5744259259259259 0.36678645833333334 0.05341666666666667 0.04206770833333333
2 0.5334722222222222 0.5406666666666666 0.14529629629629628 0.041265625
2 0.650037037037037 0.7006197916666667 0.1557685185185185 0.15861458333333334
2 0.651712962962963 0.5596979166666666 0.08547222222222223 0.032052083333333335
2 0.6908796296296296 0.4529270833333333 0.11965740740740739 0.041265625
2 0.8529166666666667 0.13741666666666666 0.23860185185185184 0.22114583333333335
2 0.7656666666666666 0.04847916666666666 0.2834722222222222 0.096953125
2 0.5010648148148148 0.10837500000000001 0.04772222222222222 0.03966145833333334
2 0.5790555555555555 0.13201041666666666 0.06837962962962962 0.030046874999999997
2 0.6638148148148147 0.16446354166666666 0.09116666666666666 0.07411979166666667
2 0.0904537037037037 0.129609375 0.1809074074074074 0.06770833333333333
2 0.13746296296296298 0.19230729166666669 0.08689814814814814 0.050479166666666665
2 0.03489814814814814 0.20953645833333334 0.06979629629629629 0.07772395833333333
2 0.03988888888888889 0.457734375 0.07976851851851853 0.06290104166666667
2 0.037037037037037035 0.5933489583333333 0.07407407407407407 0.04486979166666667
2 0.040240740740740744 0.386015625 0.08048148148148149 0.061296875
2 0.2973611111111111 0.19831770833333331 0.11039814814814815 0.034453125
2 0.20548148148148146 0.020234375000000002 0.1317685185185185 0.040463541666666665
2 0.37250925925925926 0.06269791666666666 0.14814814814814814 0.11097916666666667