2 0.5694999999999999 0.6490208333333333 0.20196296296296296 0.18633333333333332
2 0.7111388888888889 0.45260416666666664 0.30702777777777773 0.07291666666666667
2 0.4118703703703704 0.5002135416666667 0.2496759259259259 0.071015625
2 0.7363333333333334 0.34853124999999996 0.2617685185185185 0.07432812500000001
2 0.7515555555555555 0.23327083333333334 0.2561574074074074 0.085234375
2 0.24275925925925926 0.42259375 0.42374999999999996 0.15977083333333333
2 0.1962962962962963 0.2823802083333333 0.19444444444444445 0.18003645833333334
2 0.6190092592592592 0.53446875 0.07244444444444444 0.029104166666666667
2 0.4972777777777777 0.5448854166666667 0.11328703703703703 0.042583333333333334
2 0.5522870370370371 0.5110312499999999 0.046842592592592595 0.01838020833333333
2 0.5876944444444445 0.43152604166666664 0.05337962962962963 0.040749999999999995
2 0.5727129629629629 0.2737447916666667 0.10512037037037038 0.029104166666666667
2 0.37554629629629627 0.280484375 0.04412037037037037 0.05483854166666667
2 0.41149074074074077 0.23498958333333334 0.06699074074074074 0.03247395833333334
2 0.5364907407407407 0.23161979166666666 0.05882407407407408 0.02021875
2 0.5748888888888889 0.25413541666666667 0.03322222222222222 0.026041666666666668
2 0.5776111111111112 0.12852083333333333 0.08660185185185185 0.08486458333333333
2 0.5751666666666666 0.07016145833333334 0.08496296296296296 0.025125
2 0.49837037037037035 0.09528125 0.051194444444444445 0.027572916666666666
2 0.7516296296296296 0.10202083333333332 0.04248148148148148 0.05759895833333333
2 0.25272222222222224 0.06862499999999999 0.06862962962962964 0.082109375
2 0.33442592592592596 0.12545833333333334 0.04466666666666667 0.015625
2 0.30664814814814817 0.1513489583333333 0.06536111111111112 0.039828125
2 0.9670462962962963 0.11810416666666666 0.06590740740740741 0.019302083333333334
2 0.7140555555555556 0.043046875000000005 0.04139814814814815 0.018687500000000003
2 0.886712962962963 0.24540625 0.05991666666666666 0.06433854166666667
2 0.9253796296296296 0.16421354166666668 0.14924074074074076 0.05882291666666666
2 0.9504351851851852 0.4661458333333333 0.06426851851851852 0.02175
2 0.9234722222222222 0.5765781249999999 0.11056481481481481 0.08698437499999999
2 0.9779444444444445 0.552515625 0.044111111111111115 0.026041666666666668
2 0.9531574074074075 0.6773906249999999 0.09368518518518519 0.04595833333333333
2 0.971675925925926 0.3223020833333334 0.03376851851851852 0.022057291666666666
2 0.9738518518518519 0.23008333333333333 0.052287037037037035 0.01838020833333333
2 0.6348055555555556 0.05958854166666667 0.046296296296296294 0.05055208333333334