2 0.444212962962963 0.642515625 0.23425925925925925 0.14674479166666668
2 0.7201388888888889 0.5283177083333334 0.32685185185185184 0.077734375
2 0.37916666666666665 0.5165989583333334 0.2601851851851852 0.05455729166666667
2 0.787962962962963 0.44453125 0.32546296296296295 0.08854166666666667
2 0.38993518518518516 0.36028645833333334 0.21875 0.05390625
2 0.6678240740740741 0.3321614583333333 0.09074074074074075 0.07005208333333333
2 0.21863888888888888 0.35853125 0.23032407407407407 0.10377604166666667
2 0.3049722222222222 0.4874375 0.30995370370370373 0.13450520833333332
2 0.6950277777777778 0.1984375 0.19791666666666666 0.04791666666666667
2 0.6331018518518519 0.4576822916666667 0.16203703703703703 0.03125
2 0.4351851851851852 0.4739583333333333 0.14351851851851852 0.03515625
2 0.6388888888888888 0.2623697916666667 0.0787037037037037 0.055989583333333336
2 0.5023148148148148 0.12174479166666667 0.05324074074074074 0.053385416666666664
2 0.7789351851851852 0.11263020833333333 0.25462962962962965 0.06901041666666667
2 0.8923611111111112 0.07584895833333333 0.125 0.052734375
2 0.9629629629629629 0.025718750000000002 0.06018518518518518 0.044921875
2 0.32928703703703704 0.13411458333333334 0.05439814814814815 0.05078125
2 0.04798148148148148 0.18347395833333333 0.09596296296296296 0.09706250000000001
2 0.1646388888888889 0.06640625 0.1221111111111111 0.044270833333333336
2 0.19010185185185186 0.132 0.2147037037037037 0.08952083333333333
2 0.3035277777777778 0.24039583333333334 0.08391666666666667 0.04980729166666666
2 0.04572222222222223 0.11230729166666667 0.09143518518518519 0.052734375
2 0.9322962962962963 0.4025052083333333 0.13541666666666666 0.04785416666666666