2 0.6434444444444444 0.6983750000000001 0.27735185185185185 0.16197916666666667
2 0.7552685185185186 0.4420677083333333 0.36353703703703705 0.11378125
2 0.6626388888888889 0.5326145833333333 0.28026851851851853 0.07996874999999999
2 0.7404537037037038 0.2759427083333333 0.2876111111111111 0.062302083333333334
2 0.3915277777777778 0.31806770833333337 0.1786296296296296 0.13966145833333332
2 0.3113240740740741 0.4258020833333333 0.38076851851851856 0.10536979166666667
2 0.3536296296296296 0.5491770833333334 0.29814814814814816 0.09651562500000001
2 0.8981481481481481 0.08954166666666666 0.19373148148148148 0.10857291666666667
2 0.7346851851851852 0.067109375 0.19587037037037036 0.06931250000000001
2 0.7649537037037036 0.11578645833333333 0.0840462962962963 0.06089583333333334
2 0.4505 0.4437083333333333 0.1075462962962963 0.046072916666666665
2 0.6054166666666667 0.4689479166666667 0.15526851851851853 0.0380625
2 0.4886018518518519 0.5845364583333333 0.0840462962962963 0.0400625
2 0.5915277777777778 0.6009635416666667 0.07478703703703703 0.03846354166666666
2 0.5106851851851851 0.6426302083333333 0.09401851851851853 0.0536875
2 0.26175 0.07310416666666668 0.05057407407407407 0.05648958333333333
2 0.24964814814814815 0.022234374999999997 0.03917592592592593 0.044468749999999994
2 0.19087962962962962 0.047875 0.061250000000000006 0.03165104166666667
2 0.11217592592592593 0.03044791666666667 0.08902777777777779 0.03044791666666667
2 0.4415925925925926 0.09535416666666667 0.11823148148148148 0.12900520833333334
2 0.9601111111111111 0.23136979166666669 0.07976851851851853 0.061296875
2 0.5957962962962964 0.19110416666666669 0.1160925925925926 0.03125