2 0.6007685185185185 0.535765625 0.25092592592592594 0.0765625
2 0.6020833333333333 0.4083333333333333 0.2828703703703704 0.09010416666666667
2 0.5787037037037037 0.3223958333333333 0.26666666666666666 0.07604166666666666
2 0.41412037037037036 0.596125 0.14189814814814813 0.11139583333333333
2 0.18194444444444444 0.40651041666666665 0.3638888888888889 0.05086979166666667
2 0.22361111111111112 0.28780208333333335 0.23425925925925925 0.055640625
2 0.49704629629629626 0.6931666666666667 0.10242592592592593 0.18828125
2 0.37471296296296297 0.5665677083333333 0.1834537037037037 0.10775
2 0.5049166666666666 0.46646875 0.11400925925925925 0.032552083333333336
2 0.3761574074074074 0.4456354166666667 0.11689814814814815 0.026692708333333332
2 0.4409722222222222 0.35449479166666664 0.09490740740740741 0.034505208333333336
2 0.33796296296296297 0.33984375 0.10648148148148148 0.030598958333333332
2 0.4212962962962963 0.298828125 0.04976851851851852 0.029947916666666668
2 0.46875 0.055338541666666664 0.1875 0.06640625
2 0.6357037037037037 0.11735416666666666 0.10127777777777777 0.1090625
2 0.45891666666666664 0.19221875 0.06597222222222222 0.082359375
2 0.5218888888888888 0.20667708333333332 0.08586111111111111 0.16051041666666668
2 0.19619444444444442 0.19634895833333335 0.09104629629629629 0.07452083333333334
2 0.1422314814814815 0.06741666666666667 0.046814814814814816 0.0648125
2 0.029574074074074076 0.029947916666666668 0.05915740740740741 0.059895833333333336
2 0.04577777777777778 0.0886875 0.058638888888888886 0.04253645833333333
2 0.1826111111111111 0.12514583333333335 0.09774074074074074 0.0546875
2 0.7914074074074074 0.1328125 0.14146296296296296 0.12847395833333333
2 0.6095648148148148 0.18460416666666665 0.10596296296296297 0.07002083333333334
2 0.9467592592592593 0.25144791666666666 0.10648148148148148 0.037036458333333334
2 0.9385277777777777 0.3036770833333333 0.0787037037037037 0.048901041666666666
2 0.9555 0.43214583333333334 0.08899074074074075 0.07783333333333334
2 0.9562777777777778 0.4973958333333333 0.06892592592592592 0.03588020833333334
2 0.9663055555555554 0.09838020833333333 0.06738888888888889 0.08796354166666666
2 0.9151203703703704 0.05844791666666667 0.11625925925925926 0.07349479166666667
2 0.8279351851851852 0.048901041666666666 0.10956481481481481 0.041666666666666664
2 0.42077777777777775 0.23076041666666666 0.07612962962962963 0.049479166666666664