5 0.5776289682539683 0.4859887566137566 0.470734126984127 0.5910251322751323
5 0.09627232142857144 0.40189484126984126 0.19204613095238096 0.42636574074074074
5 0.14756944444444445 0.6441798941798942 0.14599950396825395 0.23236441798941798
5 0.27769593253968256 0.90432208994709 0.16253224206349207 0.19135912698412696
5 0.84515625 0.832119708994709 0.27628968253968256 0.27358796296296295
5 0.08143105158730159 0.12456018518518519 0.1628645833333333 0.1344808201058201
5 0.052083333333333336 0.8002645502645502 0.10416666666666667 0.14770833333333333
5 0.42410714285714285 0.9491832010582011 0.1521155753968254 0.101630291005291
5 0.25091021825396825 0.4877645502645503 0.06365823412698413 0.1488095238095238
5 0.317874503968254 0.3362003968253968 0.18931795634920637 0.2932109788359788
5 0.7762896825396826 0.6216931216931217 0.24967013888888887 0.32186838624338626