5 0.5693625992063492 0.529265873015873 0.3728497023809524 0.45205026455026454
5 0.33916170634920634 0.1378968253968254 0.43080357142857145 0.22883597883597884
5 0.2588045634920635 0.39186507936507936 0.23586309523809523 0.1488095238095238
5 0.14781746031746032 0.7086640211640212 0.17857142857142858 0.1488095238095238
5 0.8551587301587301 0.9358465608465608 0.19642857142857142 0.1283068783068783
5 0.21411954365079366 0.8619940476190476 0.21990823412698413 0.1940046296296296
5 0.8271329365079365 0.5753968253968254 0.09672619047619048 0.1344808201058201
5 0.8614409722222222 0.8123908730158731 0.11408730158730158 0.14991071428571429
5 0.7130456349206349 0.6613756613756614 0.09342013888888889 0.14991071428571429
5 0.5051264880952381 0.7980588624338624 0.1703050595238095 0.16975198412698414
5 0.4290674603174603 0.9194212962962963 0.1355828373015873 0.16115410052910054