5 0.7876984126984127 0.7129629629629629 0.3055555555555556 0.2698412698412698
5 0.5003100198412699 0.8083664021164021 0.1576140873015873 0.15575396825396826
5 0.24479166666666666 0.7976190476190477 0.13442460317460317 0.15873015873015872
5 0.1209077380952381 0.3921957671957672 0.2418154761904762 0.23511904761904762
5 0.11532738095238096 0.7003968253968254 0.23065476190476192 0.18948412698412698
5 0.5786210317460317 0.1437665343915344 0.20188492063492064 0.28687169312169314
5 0.4836309523809524 0.3445767195767196 0.2867063492063492 0.3187830687830688
2 0.05642361111111111 0.08060515873015874 0.11284722222222222 0.16121031746031747
2 0.07781498015873016 0.22817460317460317 0.15562996031746032 0.18683862433862433
5 0.13051835317460317 0.5295138888888888 0.16555059523809523 0.12483465608465609
5 0.08215525793650794 0.8097652116402116 0.16431051587301587 0.24386904761904762
5 0.43669394841269843 0.628885582010582 0.2312748015873016 0.32688492063492064
5 0.2907986111111111 0.31994047619047616 0.0954861111111111 0.23974867724867724
5 0.6170634920634921 0.5892857142857143 0.14831349206349206 0.19973544973544974
5 0.7787896825396825 0.28893849206349204 0.3125372023809524 0.30505952380952384
5 0.6445684523809524 0.35300925925925924 0.1271081349206349 0.14384920634920634
5 0.540984623015873 0.2843915343915344 0.07626488095238096 0.08101851851851852
5 0.6754290674603174 0.4789451058201058 0.0818452380952381 0.07054563492063493