5 0.6187599206349207 0.3398677248677249 0.280672123015873 0.47833333333333333
5 0.3404637896825397 0.21274140211640213 0.3091517857142857 0.4254861111111111
5 0.7391691468253968 0.6431216931216931 0.1970907738095238 0.5038359788359789
5 0.6799355158730159 0.6176157407407408 0.11499751984126985 0.12279431216931216
5 0.42369295634920634 0.6069775132275133 0.10433283730158731 0.14958002645502644
5 0.10577876984126984 0.05638227513227513 0.21155753968253968 0.11210317460317461
5 0.060267857142857144 0.28430886243386244 0.12003968253968254 0.28058862433862436
5 0.02839781746031746 0.7434424603174603 0.056299603174603176 0.17206679894179897
5 0.4965699404761905 0.1437929894179894 0.1396329365079365 0.12047949735449735
5 0.1457093253968254 0.3362003968253968 0.04836309523809524 0.08708002645502645
5 0.20440724206349206 0.447255291005291 0.0665500992063492 0.053462301587301586
5 0.3277951388888889 0.6969246031746031 0.060349702380952386 0.07661044973544973
5 0.43237351190476186 0.5087070105820105 0.10168650793650794 0.0815707671957672
5 0.43423363095238093 0.27006283068783066 0.12359375 0.1884920634920635
5 0.5326140873015873 0.04354166666666666 0.08308531746031746 0.08708002645502645
5 0.5443948412698413 0.5985449735449735 0.15128968253968253 0.20392526455026452
5 0.5138070436507937 0.822311507936508 0.0818452380952381 0.16534391534391535
5 0.8311011904761905 0.873015873015873 0.12251984126984126 0.25396825396825395