5 0.4243551587301587 0.6058201058201058 0.18799603174603174 0.23544973544973544
5 0.5022296626984127 0.13525132275132276 0.2703323412698413 0.2705026455026455
5 0.5694444444444444 0.2691798941798942 0.08630952380952381 0.1574074074074074
5 0.8087797619047619 0.5181878306878307 0.09176587301587301 0.16600529100529102
5 0.8452380952380952 0.44146825396825395 0.07936507936507936 0.14484126984126985
5 0.9489508928571428 0.4370601851851852 0.10209821428571429 0.2372123015873016
5 0.6969246031746031 0.7550694444444445 0.13227430555555555 0.22376653439153438
5 0.19146825396825398 0.7361111111111112 0.1488095238095238 0.23809523809523808
5 0.24503968253968253 0.671957671957672 0.10218253968253968 0.17328042328042328
5 0.3189484126984127 0.2820767195767196 0.10416666666666667 0.2665343915343915
5 0.19196428571428573 0.33101851851851855 0.1875 0.17261904761904762
5 0.09399801587301587 0.49702380952380953 0.10267857142857142 0.19246031746031747
5 0.04501488095238095 0.4264219576719577 0.08953373015873016 0.144510582010582
5 0.061135912698412696 0.6474867724867724 0.12177579365079365 0.1746031746031746
5 0.390625 0.7804232804232805 0.18998015873015872 0.17195767195767195
5 0.5543154761904762 0.439484126984127 0.18799603174603174 0.20833333333333334
5 0.2679191468253968 0.12483465608465609 0.1189236111111111 0.24966931216931218
5 0.3479662698412698 0.1597222222222222 0.09970238095238096 0.21891534391534392
5 0.1419890873015873 0.546875 0.06572420634920635 0.0818452380952381
5 0.2126736111111111 0.48900462962962965 0.0954861111111111 0.09837962962962964
5 0.11706349206349206 0.1984126984126984 0.08234126984126984 0.08994708994708994
5 0.33110119047619047 0.5162037037037037 0.1195436507936508 0.2347883597883598
5 0.5384375 0.7113095238095238 0.1661706349206349 0.2876984126984127
5 0.7016369047619048 0.2996031746031746 0.10267857142857142 0.09391534391534391
5 0.8725198412698413 0.29398148148148145 0.11408730158730158 0.1765873015873016
5 0.6810515873015873 0.12169312169312169 0.06845238095238096 0.0873015873015873
5 0.6582762896825397 0.634646164021164 0.07233878968253969 0.10196097883597884
5 0.6183854166666667 0.5522486772486772 0.08019097222222221 0.09479828042328042
5 0.7531423611111111 0.21467261904761903 0.10582093253968254 0.12180224867724868
5 0.7979910714285714 0.7443220899470899 0.07647073412698412 0.18683862433862433
5 0.8777703373015873 0.8033101851851852 0.09052579365079365 0.2463888888888889
5 0.8776661706349206 0.6072255291005291 0.10726686507936507 0.13310185185185186
5 0.9210689484126984 0.5704365079365079 0.07750496031746032 0.16534391534391535
5 0.7474578373015873 0.7907572751322751 0.07254464285714286 0.11656746031746032