5 0.5111607142857143 0.16534391534391535 0.09970238095238096 0.09788359788359788
5 0.5667162698412699 0.3137136243386243 0.21742807539682538 0.23324404761904763
5 0.5791170634920635 0.6140873015873016 0.2686830357142857 0.2837301587301587
5 0.361359126984127 0.6285284391534391 0.2594246031746032 0.2698412698412698
5 0.2598387896825397 0.781084656084656 0.16980902777777776 0.15211640211640212
5 0.30158730158730157 0.28835978835978837 0.20634920634920634 0.17195767195767195
5 0.7008928571428571 0.8912037037037037 0.18220982142857142 0.13778769841269842
5 0.35466269841269843 0.8630952380952381 0.09755208333333333 0.1455026455026455
5 0.397983630952381 0.8015873015873016 0.09358382936507936 0.1516765873015873
5 0.07605902777777779 0.6635813492063493 0.1521155753968254 0.22266203703703705
5 0.06448412698412699 0.7671957671957672 0.0744047619047619 0.12566137566137567
5 0.2400793650793651 0.5499338624338624 0.10912698412698413 0.2056878306878307
5 0.6800595238095238 0.25595238095238093 0.14285714285714285 0.15211640211640212
5 0.675843253968254 0.38591269841269843 0.09275793650793651 0.09193121693121693
5 0.9248511904761905 0.17625661375661375 0.15029761904761904 0.16600529100529102
5 0.9446924603174603 0.06117724867724868 0.07589285714285714 0.07605820105820106
5 0.8147321428571429 0.271494708994709 0.12152777777777778 0.13558201058201058
5 0.9149305555555556 0.44212962962962965 0.09970238095238096 0.12764550264550265
5 0.7765376984126984 0.5049603174603174 0.15029761904761904 0.1593915343915344
5 0.8377976190476191 0.607473544973545 0.08630952380952381 0.12632275132275134
5 0.8204365079365079 0.3621031746031746 0.06845238095238096 0.061507936507936505
5 0.8219246031746031 0.7820767195767195 0.1597222222222222 0.15542328042328044
5 0.8737599206349206 0.9246031746031746 0.11557539682539683 0.15079365079365079
5 0.9561011904761905 0.9368386243386243 0.08779761904761904 0.12632275132275134
5 0.597718253968254 0.20634920634920634 0.06845238095238096 0.08994708994708994
5 0.3819444444444444 0.43617724867724866 0.12301587301587301 0.15145502645502645
5 0.6051587301587301 0.9140211640211641 0.08928571428571429 0.09126984126984126
5 0.3447420634920635 0.2080026455026455 0.11408730158730158 0.15806878306878308
5 0.1572420634920635 0.20634920634920634 0.11408730158730158 0.17063492063492064
2 0.09250992063492064 0.8468915343915344 0.06597222222222222 0.06547619047619048
2 0.09962053571428572 0.33344246031746033 0.040508432539682546 0.06283068783068783
2 0.019427083333333334 0.3896593915343915 0.03885664682539682 0.08928571428571429
5 0.9381125992063492 0.6671626984126984 0.0942311507936508 0.12400793650793651
5 0.7266865079365079 0.6841104497354498 0.05952380952380952 0.07523148148148148
5 0.7028149801587301 0.12607473544973544 0.05642361111111111 0.06861772486772487