5 0.4786284722222222 0.17421626984126987 0.1753472222222222 0.15531415343915345
5 0.3802083333333333 0.04728835978835979 0.18799603174603174 0.09457671957671958
5 0.283234126984127 0.13690476190476192 0.1359126984126984 0.13227513227513227
5 0.36830357142857145 0.45601851851851855 0.09970238095238096 0.0958994708994709
5 0.5630580357142857 0.4696593915343915 0.1722470238095238 0.12648809523809523
5 0.6628844246031746 0.6481481481481481 0.14719742063492064 0.19444444444444445
5 0.8381696428571429 0.5419146825396826 0.19270833333333334 0.25281084656084657
5 0.6929563492063492 0.24338624338624337 0.11210317460317461 0.1455026455026455
5 0.7218501984126984 0.9093915343915344 0.23239087301587302 0.18121693121693122
5 0.4722222222222222 0.796957671957672 0.08928571428571429 0.0992063492063492
5 0.43898809523809523 0.9517195767195767 0.12003968253968254 0.08597883597883597
5 0.6820436507936508 0.447255291005291 0.08060515873015874 0.10582010582010581
5 0.5695064484126984 0.1806382275132275 0.08866567460317461 0.09672619047619048
5 0.10590277777777778 0.5419973544973545 0.16517857142857142 0.1832010582010582
5 0.1817956349206349 0.8055555555555556 0.10664682539682539 0.10978835978835978
5 0.08432539682539683 0.8217592592592593 0.10119047619047619 0.27843915343915343
5 0.2854662698412698 0.5654761904761905 0.14037698412698413 0.11507936507936507
5 0.31299603174603174 0.48412698412698413 0.1349206349206349 0.14947089947089948
5 0.12301587301587301 0.3148148148148148 0.11408730158730158 0.0992063492063492
5 0.05406746031746032 0.21858465608465608 0.08432539682539683 0.09986772486772487
5 0.5679563492063492 0.9388227513227513 0.08630952380952381 0.08002645502645503
5 0.39806547619047616 0.8472222222222222 0.05505952380952381 0.082010582010582
5 0.5181051587301587 0.8369708994708994 0.12946428571428573 0.1527777777777778
5 0.5071924603174603 0.9560185185185185 0.07688492063492064 0.08796296296296297
5 0.2681051587301587 0.951058201058201 0.07192460317460317 0.09788359788359788
5 0.3100198412698413 0.7255291005291006 0.125 0.18915343915343916
5 0.49677579365079366 0.6329365079365079 0.18601190476190477 0.1917989417989418
5 0.16889880952380953 0.3812830687830688 0.09474206349206349 0.11970899470899471
5 0.13864087301587302 0.22585978835978837 0.07192460317460317 0.09986772486772487
5 0.1076388888888889 0.08994708994708994 0.07341269841269842 0.13227513227513227
5 0.21329365079365079 0.6636904761904762 0.07341269841269842 0.07605820105820106
5 0.41617063492063494 0.3296957671957672 0.044642857142857144 0.06547619047619048
5 0.45337301587301587 0.3151455026455027 0.05952380952380952 0.08267195767195767
5 0.3288268849206349 0.6517294973544974 0.13351438492063494 0.0744047619047619
5 0.4865252976190476 0.3841369047619048 0.08680555555555555 0.0727281746031746
5 0.5497743055555556 0.04356150793650793 0.12648809523809523 0.08712632275132276
5 0.5460565476190475 0.3626785714285714 0.12318204365079366 0.10471891534391535
5 0.7810243055555556 0.4249933862433863 0.09300595238095238 0.08708002645502645
5 0.7233606150793651 0.3704298941798942 0.13392857142857142 0.10141203703703704
5 0.5892509920634921 0.08983796296296297 0.18890625 0.13778769841269842
5 0.4038913690476191 0.5136706349206349 0.054563492063492064 0.10582010582010581