5 0.28943452380952384 0.6828703703703703 0.11755952380952381 0.2056878306878307
5 0.4340277777777778 0.4480820105820106 0.18551587301587302 0.18452380952380953
5 0.7182539682539683 0.4626322751322751 0.36706349206349204 0.4080687830687831
5 0.16691468253968253 0.9126984126984127 0.29216269841269843 0.1746031746031746
5 0.12921626984126985 0.781084656084656 0.22073412698412698 0.23412698412698413
5 0.05295138888888889 0.4037698412698413 0.10590277777777778 0.19510582010582012
5 0.20758928571428573 0.2943121693121693 0.2435515873015873 0.22883597883597884
5 0.7261904761904762 0.10796957671957672 0.10119047619047619 0.2152777777777778
5 0.6178075396825397 0.042162698412698416 0.14037698412698413 0.08366402116402116
5 0.38665674603174605 0.2414021164021164 0.22668650793650794 0.24603174603174602
5 0.4270833333333333 0.6623677248677249 0.18452380952380953 0.19510582010582012
5 0.10491071428571429 0.5099206349206349 0.2048611111111111 0.20899470899470898
5 0.29092261904761907 0.8472222222222222 0.09573412698412699 0.1574074074074074
5 0.44990079365079366 0.17494047619047617 0.21825396825396826 0.34723544973544973
5 0.4880952380952381 0.5479497354497355 0.10615079365079365 0.20171957671957672
5 0.46130952380952384 0.7417328042328042 0.1626984126984127 0.18452380952380953
5 0.5905257936507936 0.6762566137566137 0.1423611111111111 0.17261904761904762
5 0.19262648809523808 0.12235449735449735 0.10334077380952382 0.12345568783068782