5 0.09821428571428571 0.44246031746031744 0.19246031746031747 0.2156084656084656
5 0.30357142857142855 0.6712962962962963 0.14285714285714285 0.18386243386243387
5 0.7375992063492064 0.7667824074074074 0.4930555555555556 0.31398809523809523
5 0.4752802579365079 0.32715939153439155 0.43799603174603174 0.49030092592592595
5 0.8180183531746031 0.4601521164021164 0.36396329365079366 0.27976190476190477
5 0.2521502976190476 0.16809854497354496 0.20337301587301587 0.12456018518518519
5 0.10838293650793651 0.24173280423280424 0.07291666666666667 0.11044973544973545
5 0.1307043650793651 0.056878306878306875 0.12648809523809523 0.11375661375661375
2 0.376984126984127 0.5200066137566137 0.1488095238095238 0.12896825396825398
2 0.5245535714285714 0.6187996031746031 0.16245039682539683 0.15459656084656084
2 0.5828373015873016 0.11904761904761904 0.2542162698412698 0.23809523809523808
5 0.7440476190476191 0.32531415343915343 0.15997023809523808 0.17609126984126985
5 0.2005828373015873 0.500978835978836 0.22507440476190477 0.2579100529100529
5 0.2442956349206349 0.04662698412698413 0.10962301587301587 0.09325396825396826