5 0.5682043650793651 0.7807539682539683 0.13541666666666666 0.125
5 0.36408730158730157 0.8740079365079365 0.08035714285714286 0.14351851851851852
5 0.40749007936507936 0.78505291005291 0.06994047619047619 0.07804232804232804
5 0.49677579365079366 0.8773148148148148 0.09573412698412699 0.16468253968253968
5 0.4801587301587302 0.7152777777777778 0.08432539682539683 0.1302910052910053
5 0.40228174603174605 0.6822089947089947 0.09226190476190477 0.12764550264550265
5 0.48487103174603174 0.6078042328042328 0.06299603174603174 0.04894179894179894
5 0.46478174603174605 0.5261243386243386 0.060515873015873016 0.11838624338624339
5 0.5104166666666666 0.5029761904761905 0.04563492063492063 0.09722222222222222
5 0.5620039682539683 0.2791005291005291 0.10317460317460317 0.1970899470899471
5 0.574156746031746 0.1431878306878307 0.09275793650793651 0.19246031746031747
5 0.4799107142857143 0.10119047619047619 0.062003968253968256 0.11375661375661375
5 0.32415674603174605 0.11970899470899471 0.06299603174603174 0.12037037037037036
5 0.33382936507936506 0.2986111111111111 0.044642857142857144 0.09060846560846561
5 0.4010416666666667 0.24636243386243387 0.04712301587301587 0.03505291005291005
5 0.4853670634920635 0.4064153439153439 0.046130952380952384 0.08134920634920635
5 0.3568948412698413 0.580026455026455 0.042162698412698416 0.06349206349206349
5 0.390625 0.521494708994709 0.056051587301587304 0.10912698412698413
5 0.3990575396825397 0.4262566137566138 0.06498015873015874 0.08267195767195767
5 0.3931051587301587 0.31283068783068785 0.07390873015873016 0.06084656084656084
5 0.3023313492063492 0.583994708994709 0.03819444444444445 0.06746031746031746
5 0.34499007936507936 0.7103174603174603 0.049107142857142856 0.08597883597883597
5 0.2646329365079365 0.7562830687830688 0.09871031746031746 0.13822751322751323
5 0.19270833333333334 0.5717592592592593 0.09474206349206349 0.19510582010582012
5 0.2537202380952381 0.609457671957672 0.04712301587301587 0.13558201058201058
5 0.16046626984126985 0.4070767195767196 0.0689484126984127 0.13822751322751323
5 0.2170138888888889 0.41203703703703703 0.06299603174603174 0.15873015873015872
5 0.3539186507936508 0.4755291005291005 0.07589285714285714 0.1283068783068783
5 0.08928571428571429 0.49933862433862436 0.07043650793650794 0.13756944444444444
5 0.06547123015873016 0.6706349206349206 0.07441220238095238 0.08465608465608465
5 0.07117311507936509 0.560515873015873 0.05505952380952381 0.09854497354497355
5 0.047859623015873015 0.4460978835978836 0.053075396825396824 0.10251322751322751
5 0.06720486111111111 0.3425925925925926 0.06101190476190476 0.10185185185185185
5 0.04017113095238095 0.20899470899470898 0.057539682539682536 0.056878306878306875
5 0.10713541666666668 0.23842592592592593 0.03670634920634921 0.0496031746031746
5 0.11135168650793652 0.5843253968253969 0.059027777777777776 0.10251322751322751
5 0.6130952380952381 0.7056878306878307 0.03968253968253968 0.07275132275132275
5 0.623015873015873 0.6316137566137566 0.04365079365079365 0.09126984126984126
5 0.6051587301587301 0.5363756613756614 0.07837301587301587 0.1402116402116402
5 0.6837797619047619 0.5006613756613757 0.06498015873015874 0.11904761904761904
5 0.6956845238095238 0.7526455026455027 0.08382936507936507 0.12433862433862433
5 0.7589285714285714 0.8002645502645502 0.06746031746031746 0.16005291005291006
5 0.7584325396825397 0.5972222222222222 0.06349206349206349 0.1349206349206349
5 0.7440476190476191 0.5082671957671958 0.0496031746031746 0.04034391534391534
5 0.6418650793650794 0.3835978835978836 0.0496031746031746 0.1111111111111111
5 0.5935019841269841 0.054563492063492064 0.10664682539682539 0.10912698412698413
5 0.6862599206349206 0.6200396825396826 0.07093253968253968 0.10648148148148148
5 0.8167162698412699 0.689484126984127 0.05803571428571429 0.1765873015873016
5 0.9489087301587301 0.6944444444444444 0.07341269841269842 0.13756613756613756
5 0.8603670634920635 0.5267857142857143 0.056051587301587304 0.056216931216931214
5 0.8387896825396826 0.4441137566137566 0.03968253968253968 0.07473544973544974
2 0.8958878968253968 0.17618386243386241 0.030863095238095238 0.05842261904761904
2 0.808531746031746 0.15726190476190477 0.03913194444444444 0.06466931216931217
5 0.9655803571428571 0.10454034391534392 0.06883928571428571 0.20907738095238096
5 0.9836309523809523 0.3147056878306878 0.03273809523809524 0.062096560846560844
5 0.9680605158730158 0.4649834656084656 0.06387896825396826 0.05842261904761904
5 0.9599603174603174 0.5447156084656085 0.04822420634920635 0.07385251322751323
5 0.8111507936507937 0.40413029100529096 0.07302579365079365 0.12704695767195767
5 0.7816641865079366 0.3206051587301587 0.09893105158730159 0.17154431216931218
5 0.6867286706349206 0.353098544973545 0.03747767857142857 0.14770171957671957
5 0.7532787698412698 0.18867724867724867 0.036101190476190474 0.06503637566137566
5 0.8624057539682539 0.29522156084656087 0.0873561507936508 0.15173280423280422
5 0.4759151785714286 0.1387037037037037 0.09259176587301587 0.1421957671957672
5 0.551140873015873 0.40379629629629626 0.14108382936507938 0.1822222222222222