5 0.19126240079365078 0.2720998677248677 0.24793402777777776 0.34071759259259254
5 0.8121279761904762 0.3960548941798942 0.2714112103174603 0.1995138888888889
5 0.534640376984127 0.44312169312169314 0.14583333333333334 0.16291997354497356
5 0.9151785714285714 0.7691798941798942 0.16964285714285715 0.23655092592592594
5 0.4279513888888889 0.9177678571428571 0.17055307539682538 0.16446097883597882
5 0.2942708333333333 0.5509821428571429 0.2160218253968254 0.1969808201058201
5 0.043402777777777776 0.6537698412698413 0.08680555555555555 0.23897817460317458
5 0.052083333333333336 0.10678571428571429 0.10416666666666667 0.21136574074074072
5 0.13930307539682538 0.3709226190476191 0.0686185515873016 0.10912698412698413
5 0.13640873015873015 0.4753637566137566 0.15459573412698413 0.09314484126984128
5 0.24677579365079366 0.961035052910053 0.1595560515873016 0.07793320105820105
5 0.3104340277777778 0.033895502645502645 0.12235367063492063 0.06779100529100529
5 0.33585565476190476 0.3273809523809524 0.11367311507936508 0.18297949735449737
5 0.4148065476190476 0.33482142857142855 0.0665500992063492 0.12290674603174603
5 0.3139459325396825 0.6434623015873016 0.12442212301587302 0.16589616402116403
5 0.27633184523809523 0.83994708994709 0.06406994047619047 0.08597883597883597
5 0.3552827380952381 0.8231382275132275 0.06076388888888889 0.10747354497354497
5 0.31663442460317465 0.9154530423280423 0.050429067460317466 0.08818452380952381
5 0.5036780753968254 0.22872685185185185 0.13599454365079366 0.15211640211640212
5 0.5815972222222222 0.0744047619047619 0.08928571428571429 0.1488095238095238
5 0.436922123015873 0.034447751322751324 0.1347544642857143 0.06889219576719577
5 0.5446006944444445 0.666603835978836 0.23685515873015872 0.2165873015873016
5 0.4596552579365079 0.5988194444444445 0.11822172619047619 0.14495039682539682
5 0.5892435515873016 0.7404596560846561 0.12111359126984127 0.1162797619047619
5 0.673157242063492 0.8176124338624339 0.10540674603174603 0.11298611111111112
5 0.5787028769841269 0.8148578042328043 0.10747271825396824 0.08763227513227513
5 0.5100868055555555 0.8316666666666667 0.10830109126984128 0.13337632275132275
5 0.7008506944444445 0.8918650793650794 0.16327628968253968 0.21626984126984128
5 0.6843179563492063 0.699130291005291 0.06572420634920635 0.06889219576719577
5 0.6764632936507936 0.6351951058201057 0.09631200396825397 0.08653108465608467
5 0.7514880952380952 0.5522486772486772 0.05869791666666666 0.07605820105820106
5 0.7837301587301587 0.5569345238095238 0.04877728174603174 0.09314484126984128
5 0.6260342261904762 0.2799834656084656 0.1963467261904762 0.18518849206349206
5 0.6748090277777777 0.10885251322751323 0.14756944444444445 0.1592824074074074
5 0.7572743055555555 0.07632275132275132 0.21081349206349206 0.15264219576719576
5 0.5199231150793651 0.3296957671957672 0.0924280753968254 0.0958994708994709
5 0.5922271825396825 0.39989748677248677 0.07971974206349207 0.10440145502645502
5 0.2509920634920635 0.037698412698412696 0.12698412698412698 0.07539682539682539
5 0.11259920634920635 0.2371031746031746 0.06845238095238096 0.08928571428571429