5 0.41327628968253965 0.365734126984127 0.5127306547619047 0.5118915343915345
5 0.6039186507936508 0.7485119047619048 0.3472222222222222 0.4718915343915344
5 0.68609375 0.4822519841269841 0.25744047619047616 0.27976190476190477
5 0.7293328373015873 0.21285383597883598 0.19146825396825398 0.1536607142857143
5 0.2535962301587302 0.8783068783068783 0.24131944444444445 0.24338624338624337
5 0.1212797619047619 0.8865740740740741 0.2425595238095238 0.22685185185185186
5 0.8801264880952381 0.4312169312169312 0.23974950396825395 0.25925925925925924
5 0.07874503968253968 0.47619047619047616 0.15749007936507936 0.30753968253968256
5 0.4274131944444444 0.6024041005291005 0.19675843253968256 0.2347883597883598
5 0.5787028769841269 0.10141203703703704 0.13723462301587303 0.15873015873015872
5 0.7523139880952381 0.8913128306878306 0.20833333333333334 0.21737103174603176
5 0.9129464285714286 0.18766534391534392 0.17410714285714285 0.1736111111111111