5 0.23239087301587302 0.507714947089947 0.26438492063492064 0.3073181216931217
5 0.3161383928571429 0.7085548941798943 0.24735367063492064 0.24426917989417987
5 0.5270337301587301 0.7549570105820105 0.24189732142857143 0.37451388888888887
5 0.6617063492063492 0.38525132275132273 0.33531994047619046 0.4027777777777778
5 0.5302579365079365 0.16468253968253968 0.2509920634920635 0.14153439153439154
5 0.2275967261904762 0.2336871693121693 0.22271825396825398 0.36904761904761907
5 0.7189980158730159 0.6187169312169312 0.26240079365079366 0.2056878306878307
5 0.4593253968253968 0.4818121693121693 0.13988095238095238 0.1474867724867725
5 0.3933531746031746 0.2371031746031746 0.15079365079365079 0.23346560846560846
5 0.06564236111111112 0.8768750000000001 0.13128224206349207 0.22420634920634921
5 0.20510912698412698 0.8498677248677249 0.35367063492063494 0.3002645502645503
5 0.0574578373015873 0.20392526455026452 0.11491319444444444 0.3306878306878307
5 0.3501984126984127 0.07605820105820106 0.25892857142857145 0.15211640211640212