6 0.71080078125 0.7033680555555555 0.255302734375 0.5932465277777778
6 0.36900390625 0.6349131944444444 0.258095703125 0.5406770833333333
6 0.47083984375 0.22446180555555553 0.291572265625 0.30010416666666667
6 0.59779296875 0.08184027777777778 0.196708984375 0.16369791666666667
6 0.751259765625 0.11161458333333335 0.146484375 0.22321180555555553
6 0.669638671875 0.23560763888888892 0.142294921875 0.16369791666666667
6 0.890068359375 0.6299652777777778 0.17298828125 0.5555555555555556
6 0.964560546875 0.35961805555555554 0.070869140625 0.30258680555555556
6 0.518271484375 0.4166666666666667 0.062783203125 0.10913194444444445
6 0.577060546875 0.814392361111111 0.108310546875 0.11678819444444444
6 0.06525390625 0.9332465277777777 0.1305078125 0.13352430555555556